***End_of_Header***
Time	Voltage
87.714000	-2.779444e-09
87.715000	-1.491135e-09
87.716000	-2.457366e-09
87.717000	-1.813212e-09
87.718000	-2.457366e-09
87.719000	-3.423598e-09
87.720000	-4.067752e-09
87.721000	-2.779444e-09
87.722000	-5.678137e-09
87.723000	-5.033983e-09
87.724000	-3.745675e-09
87.725000	-2.779444e-09
87.726000	-3.423598e-09
87.727000	-1.813212e-09
87.728000	-2.135289e-09
87.729000	-8.469809e-10
87.730000	-2.457366e-09
87.731000	-2.135289e-09
87.732000	-4.067752e-09
87.733000	-3.745675e-09
87.734000	-5.35606e-09
87.735000	-4.711906e-09
87.736000	-2.779444e-09
87.737000	-3.745675e-09
87.738000	-4.067752e-09
87.739000	-3.101521e-09
87.740000	-5.033983e-09
87.741000	-4.067752e-09
87.742000	-6.000215e-09
87.743000	-6.966446e-09
87.744000	-4.389829e-09
87.745000	-5.033983e-09
87.746000	-5.35606e-09
87.747000	-5.033983e-09
87.748000	-2.779444e-09
87.749000	-5.249038e-10
87.750000	-1.813212e-09
87.751000	-9.220986e-09
87.752000	-4.067752e-09
87.753000	-3.423598e-09
87.754000	-5.678137e-09
87.755000	-4.067752e-09
87.756000	-4.711906e-09
87.757000	-4.067752e-09
87.758000	-4.711906e-09
87.759000	-4.389829e-09
87.760000	-3.745675e-09
87.761000	-1.491135e-09
87.762000	-8.469809e-10
87.763000	2.695867e-09
87.764000	1.405449e-07
87.765000	2.188096e-07
87.766000	2.419992e-07
87.767000	2.278278e-07
87.768000	2.033499e-07
87.769000	1.86924e-07
87.770000	1.772617e-07
87.771000	1.730747e-07
87.772000	1.656669e-07
87.773000	1.592253e-07
87.774000	1.531059e-07
87.775000	1.531059e-07
87.776000	1.482747e-07
87.777000	1.392566e-07
87.778000	1.360358e-07
87.779000	1.228306e-07
87.780000	7.999437e-08
87.781000	9.480992e-08
87.782000	1.157449e-07
87.783000	1.32815e-07
87.784000	1.415111e-07
87.785000	1.444098e-07
87.786000	1.473085e-07
87.787000	1.485968e-07
87.788000	1.469864e-07
87.789000	1.473085e-07
87.790000	1.447319e-07
87.791000	1.41189e-07
87.792000	1.341033e-07
87.793000	1.276618e-07
87.794000	1.186436e-07
87.795000	1.096255e-07
87.796000	1.009294e-07
87.797000	9.416576e-08
87.798000	8.514761e-08
87.799000	7.516322e-08
87.800000	6.292429e-08
87.801000	5.519444e-08
87.802000	4.521004e-08
87.803000	3.522565e-08
87.804000	2.62075e-08
87.805000	2.041011e-08
87.806000	1.976595e-08
87.807000	1.944388e-08
87.808000	2.266465e-08
87.809000	2.395296e-08
87.810000	2.395296e-08
87.811000	2.298672e-08
87.812000	2.202049e-08
87.813000	1.91218e-08
87.814000	1.976595e-08
87.815000	1.944388e-08
87.816000	1.976595e-08
87.817000	1.590103e-08
87.818000	1.396857e-08
87.819000	1.139195e-08
87.820000	7.204947e-09
87.821000	5.916638e-09
87.822000	4.306253e-09
87.823000	3.340021e-09
87.824000	1.729636e-09
87.825000	2.051713e-09
87.826000	-2.028267e-10
87.827000	-5.249038e-10
87.828000	-5.249038e-10
87.829000	-5.033983e-09
87.830000	-1.813212e-09
87.831000	-3.101521e-09
87.832000	-3.423598e-09
87.833000	-3.101521e-09
87.834000	-5.033983e-09
87.835000	-2.457366e-09
87.836000	-4.389829e-09
87.837000	-5.033983e-09
87.838000	-5.033983e-09
87.839000	-6.000215e-09
87.840000	-5.35606e-09
87.841000	-5.033983e-09
87.842000	-2.135289e-09
87.843000	-8.469809e-10
87.844000	-3.101521e-09
87.845000	-1.169058e-09
87.846000	-4.711906e-09
87.847000	-1.813212e-09
87.848000	-2.779444e-09
87.849000	-2.135289e-09
87.850000	-5.249038e-10
87.851000	-3.423598e-09
87.852000	-5.249038e-10
87.853000	-1.813212e-09
87.854000	-1.169058e-09
87.855000	-2.779444e-09
87.856000	-2.135289e-09
87.857000	-1.813212e-09
87.858000	-3.101521e-09
87.859000	-4.389829e-09
87.860000	-4.389829e-09
87.861000	-2.457366e-09
87.862000	-4.711906e-09
87.863000	-5.35606e-09
87.864000	-1.813212e-09
87.865000	-2.457366e-09
87.866000	-1.813212e-09
87.867000	7.634046e-10
87.868000	2.051713e-09
87.869000	-1.491135e-09
87.870000	-3.745675e-09
87.871000	-3.423598e-09
87.872000	-4.389829e-09
87.873000	-6.000215e-09
87.874000	-5.35606e-09
87.875000	-3.423598e-09
87.876000	-5.033983e-09
87.877000	-5.033983e-09
87.878000	-4.067752e-09
87.879000	-6.322292e-09
87.880000	-4.711906e-09
87.881000	-6.000215e-09
87.882000	-9.86514e-09
87.883000	-5.678137e-09
87.884000	-4.711906e-09
87.885000	-4.711906e-09
87.886000	-6.644369e-09
87.887000	-4.711906e-09
87.888000	-4.711906e-09
87.889000	-4.711906e-09
87.890000	-5.033983e-09
87.891000	-2.779444e-09
87.892000	-5.678137e-09
87.893000	-3.423598e-09
87.894000	-3.423598e-09
87.895000	-5.35606e-09
87.896000	-6.000215e-09
87.897000	-7.932677e-09
87.898000	-5.678137e-09
87.899000	-4.389829e-09
87.900000	-3.101521e-09
87.901000	-4.389829e-09
87.902000	-2.135289e-09
87.903000	4.413275e-10
87.904000	-2.779444e-09
87.905000	-1.491135e-09
87.906000	-2.028267e-10
87.907000	1.192504e-10
87.908000	-1.169058e-09
87.909000	-2.457366e-09
87.910000	-3.101521e-09
87.911000	-4.711906e-09
87.912000	-6.644369e-09
87.913000	-7.288523e-09
87.914000	-5.35606e-09
87.915000	-5.35606e-09
87.916000	-5.033983e-09
87.917000	-1.17976e-08
87.918000	-7.6106e-09
87.919000	-3.745675e-09
87.920000	-4.389829e-09
87.921000	-2.457366e-09
87.922000	-6.966446e-09
87.923000	-2.457366e-09
87.924000	-8.469809e-10
87.925000	-1.491135e-09
87.926000	-1.169058e-09
87.927000	-8.469809e-10
87.928000	-3.101521e-09
87.929000	-1.813212e-09
87.930000	-4.067752e-09
87.931000	1.192504e-10
87.932000	4.413275e-10
87.933000	-1.169058e-09
87.934000	-1.813212e-09
87.935000	-3.745675e-09
87.936000	-3.423598e-09
87.937000	-2.457366e-09
87.938000	-1.491135e-09
87.939000	-3.745675e-09
87.940000	-4.389829e-09
87.941000	-6.322292e-09
87.942000	-6.000215e-09
87.943000	-6.322292e-09
87.944000	-6.644369e-09
87.945000	-6.000215e-09
87.946000	-3.745675e-09
87.947000	-5.033983e-09
87.948000	-3.101521e-09
87.949000	-3.423598e-09
87.950000	-4.389829e-09
87.951000	-2.135289e-09
87.952000	-2.135289e-09
87.953000	-2.028267e-10
87.954000	-1.813212e-09
87.955000	-2.135289e-09
87.956000	-2.457366e-09
87.957000	-1.813212e-09
87.958000	-5.033983e-09
87.959000	-5.35606e-09
87.960000	-5.033983e-09
87.961000	-3.745675e-09
87.962000	-5.033983e-09
87.963000	-4.067752e-09
87.964000	-5.033983e-09
87.965000	-3.745675e-09
87.966000	-1.813212e-09
87.967000	-5.249038e-10
87.968000	-8.469809e-10
87.969000	-2.135289e-09
87.970000	-3.423598e-09
87.971000	-3.745675e-09
87.972000	-3.745675e-09
87.973000	-6.322292e-09
87.974000	-5.678137e-09
87.975000	-4.711906e-09
87.976000	-2.457366e-09
87.977000	-3.745675e-09
87.978000	-3.423598e-09
87.979000	-4.067752e-09
87.980000	-3.745675e-09
87.981000	-5.033983e-09
87.982000	-6.644369e-09
87.983000	-6.322292e-09
87.984000	-5.033983e-09
87.985000	-4.389829e-09
87.986000	-7.932677e-09
87.987000	-6.000215e-09
87.988000	-6.644369e-09
87.989000	-2.779444e-09
87.990000	-2.779444e-09
87.991000	-3.745675e-09
87.992000	-3.745675e-09
87.993000	-5.678137e-09
87.994000	-5.678137e-09
87.995000	-5.35606e-09
87.996000	-6.322292e-09
87.997000	-6.322292e-09
87.998000	-5.678137e-09
87.999000	-4.389829e-09
88.000000	-3.745675e-09
88.001000	-4.389829e-09
88.002000	-4.711906e-09
88.003000	-3.423598e-09
88.004000	-2.135289e-09
88.005000	-5.35606e-09
88.006000	-3.101521e-09
88.007000	-4.711906e-09
88.008000	-4.711906e-09
88.009000	-2.457366e-09
88.010000	-3.101521e-09
88.011000	-1.169058e-09
88.012000	-5.249038e-10
88.013000	-5.249038e-10
88.014000	-8.469809e-10
88.015000	-3.423598e-09
88.016000	-1.491135e-09
88.017000	-4.711906e-09
88.018000	-4.389829e-09
88.019000	-3.745675e-09
88.020000	-4.067752e-09
88.021000	-4.067752e-09
88.022000	-8.469809e-10
88.023000	-1.169058e-09
88.024000	-3.745675e-09
88.025000	-1.813212e-09
88.026000	-1.169058e-09
88.027000	-3.101521e-09
88.028000	-2.457366e-09
88.029000	-4.389829e-09
88.030000	-1.491135e-09
88.031000	-2.779444e-09
88.032000	-1.491135e-09
88.033000	-2.457366e-09
88.034000	-1.813212e-09
88.035000	-8.469809e-10
88.036000	-1.491135e-09
88.037000	-3.101521e-09
88.038000	-3.745675e-09
88.039000	-3.101521e-09
88.040000	-5.678137e-09
88.041000	-4.711906e-09
88.042000	-4.067752e-09
88.043000	-4.711906e-09
88.044000	-5.35606e-09
88.045000	-4.067752e-09
88.046000	-5.033983e-09
88.047000	-2.028267e-10
88.048000	-4.389829e-09
88.049000	-2.135289e-09
88.050000	-1.813212e-09
88.051000	-3.423598e-09
88.052000	-3.101521e-09
88.053000	-6.000215e-09
88.054000	-6.000215e-09
88.055000	-3.101521e-09
88.056000	-5.033983e-09
88.057000	-6.322292e-09
88.058000	-4.389829e-09
88.059000	-4.389829e-09
88.060000	-5.678137e-09
88.061000	-5.678137e-09
88.062000	-4.389829e-09
88.063000	-4.711906e-09
88.064000	-5.35606e-09
88.065000	-5.35606e-09
88.066000	-6.322292e-09
88.067000	-4.389829e-09
88.068000	-5.35606e-09
88.069000	-1.491135e-09
88.070000	-2.779444e-09
88.071000	-1.169058e-09
88.072000	-1.813212e-09
88.073000	-4.711906e-09
88.074000	-4.067752e-09
88.075000	-6.322292e-09
88.076000	-6.000215e-09
88.077000	-6.966446e-09
88.078000	-5.033983e-09
88.079000	-3.423598e-09
88.080000	-4.389829e-09
88.081000	-4.711906e-09
88.082000	-2.135289e-09
88.083000	-2.028267e-10
88.084000	4.413275e-10
88.085000	-2.135289e-09
88.086000	4.413275e-10
88.087000	-5.249038e-10
88.088000	-2.457366e-09
88.089000	1.192504e-10
88.090000	-4.389829e-09
88.091000	-1.491135e-09
88.092000	-3.101521e-09
88.093000	-3.101521e-09
88.094000	-3.745675e-09
88.095000	-3.423598e-09
88.096000	-2.779444e-09
88.097000	-4.067752e-09
88.098000	-4.389829e-09
88.099000	-8.254754e-09
88.100000	-4.711906e-09
88.101000	-5.35606e-09
88.102000	-4.711906e-09
88.103000	-4.389829e-09
88.104000	-5.033983e-09
88.105000	-3.101521e-09
88.106000	-4.389829e-09
88.107000	-2.779444e-09
88.108000	-8.469809e-10
88.109000	-3.423598e-09
88.110000	-3.745675e-09
88.111000	-2.779444e-09
88.112000	-4.711906e-09
88.113000	-6.966446e-09
