***End_of_Header***
Time	Voltage
75.551000	-4.389829e-09
75.552000	-3.101521e-09
75.553000	-7.288523e-09
75.554000	-4.067752e-09
75.555000	-4.389829e-09
75.556000	-7.288523e-09
75.557000	-5.678137e-09
75.558000	-6.966446e-09
75.559000	-6.644369e-09
75.560000	-4.067752e-09
75.561000	-4.389829e-09
75.562000	-5.678137e-09
75.563000	-3.101521e-09
75.564000	-4.389829e-09
75.565000	-2.135289e-09
75.566000	-1.813212e-09
75.567000	-1.813212e-09
75.568000	-4.067752e-09
75.569000	-4.067752e-09
75.570000	-1.169058e-09
75.571000	-5.35606e-09
75.572000	-5.35606e-09
75.573000	-6.966446e-09
75.574000	-8.254754e-09
75.575000	-4.389829e-09
75.576000	-3.423598e-09
75.577000	-3.745675e-09
75.578000	-8.469809e-10
75.579000	-5.678137e-09
75.580000	-3.745675e-09
75.581000	-1.169058e-09
75.582000	-8.469809e-10
75.583000	-2.028267e-10
75.584000	-8.469809e-10
75.585000	-1.169058e-09
75.586000	-3.101521e-09
75.587000	-3.745675e-09
75.588000	-4.067752e-09
75.589000	-7.6106e-09
75.590000	-4.711906e-09
75.591000	-3.423598e-09
75.592000	-2.779444e-09
75.593000	-4.389829e-09
75.594000	-3.423598e-09
75.595000	-2.779444e-09
75.596000	-3.101521e-09
75.597000	-4.711906e-09
75.598000	-3.101521e-09
75.599000	-5.249038e-10
75.600000	2.695867e-09
75.601000	1.65989e-07
75.602000	1.901447e-07
75.603000	1.885344e-07
75.604000	1.782279e-07
75.605000	1.57615e-07
75.606000	1.437656e-07
75.607000	1.344254e-07
75.608000	1.295942e-07
75.609000	1.250852e-07
75.610000	1.231527e-07
75.611000	1.170332e-07
75.612000	1.138125e-07
75.613000	1.105917e-07
75.614000	1.083372e-07
75.615000	1.015735e-07
75.616000	8.611384e-08
75.617000	8.09606e-08
75.618000	7.838399e-08
75.619000	7.419698e-08
75.620000	7.065414e-08
75.621000	7.129829e-08
75.622000	7.516322e-08
75.623000	8.128268e-08
75.624000	1.708201e-07
75.625000	1.427994e-07
75.626000	1.308826e-07
75.627000	1.266956e-07
75.628000	1.225085e-07
75.629000	1.179995e-07
75.630000	1.102696e-07
75.631000	1.134904e-07
75.632000	1.054385e-07
75.633000	1.006073e-07
75.634000	9.384369e-08
75.635000	8.772422e-08
75.636000	8.128268e-08
75.637000	6.775544e-08
75.638000	6.002559e-08
75.639000	4.939705e-08
75.640000	4.070097e-08
75.641000	3.651396e-08
75.642000	3.168281e-08
75.643000	2.878411e-08
75.644000	2.652957e-08
75.645000	2.556334e-08
75.646000	2.266465e-08
75.647000	2.073218e-08
75.648000	2.169842e-08
75.649000	2.33088e-08
75.650000	2.298672e-08
75.651000	1.879972e-08
75.652000	2.073218e-08
75.653000	1.879972e-08
75.654000	1.49348e-08
75.655000	1.525687e-08
75.656000	1.364649e-08
75.657000	1.171403e-08
75.658000	1.010364e-08
75.659000	1.106987e-08
75.660000	1.106987e-08
75.661000	9.137409e-09
75.662000	6.88287e-09
75.663000	7.527024e-09
75.664000	5.594561e-09
75.665000	2.051713e-09
75.666000	1.085482e-09
75.667000	1.407559e-09
75.668000	-1.813212e-09
75.669000	-4.067752e-09
75.670000	-1.813212e-09
75.671000	-2.135289e-09
75.672000	-4.389829e-09
75.673000	-6.966446e-09
75.674000	-6.000215e-09
75.675000	-6.644369e-09
75.676000	-7.932677e-09
75.677000	-6.966446e-09
75.678000	-8.254754e-09
75.679000	-6.000215e-09
75.680000	-7.288523e-09
75.681000	-6.966446e-09
75.682000	-6.322292e-09
75.683000	-5.678137e-09
75.684000	-3.423598e-09
75.685000	-3.423598e-09
75.686000	-4.067752e-09
75.687000	-4.067752e-09
75.688000	-3.423598e-09
75.689000	-3.745675e-09
75.690000	-3.745675e-09
75.691000	-1.491135e-09
75.692000	-2.779444e-09
75.693000	-5.35606e-09
75.694000	-3.423598e-09
75.695000	-3.745675e-09
75.696000	-3.745675e-09
75.697000	-2.457366e-09
75.698000	-4.067752e-09
75.699000	-2.028267e-10
75.700000	-8.469809e-10
75.701000	-1.491135e-09
75.702000	-2.135289e-09
75.703000	-8.469809e-10
75.704000	-2.135289e-09
75.705000	-2.457366e-09
75.706000	-2.135289e-09
75.707000	-1.169058e-09
75.708000	-5.249038e-10
75.709000	-2.028267e-10
75.710000	-1.169058e-09
75.711000	-3.101521e-09
75.712000	-1.813212e-09
75.713000	-2.135289e-09
75.714000	-3.101521e-09
75.715000	-4.711906e-09
75.716000	-2.457366e-09
75.717000	-4.389829e-09
75.718000	-8.254754e-09
75.719000	-6.644369e-09
75.720000	-6.644369e-09
75.721000	-4.711906e-09
75.722000	-5.678137e-09
75.723000	-5.35606e-09
75.724000	-1.491135e-09
75.725000	-2.457366e-09
75.726000	-4.067752e-09
75.727000	-2.779444e-09
75.728000	-3.745675e-09
75.729000	-4.067752e-09
75.730000	-2.779444e-09
75.731000	-4.067752e-09
75.732000	-3.745675e-09
75.733000	-6.322292e-09
75.734000	-6.644369e-09
75.735000	-5.033983e-09
75.736000	-4.067752e-09
75.737000	-4.067752e-09
75.738000	-3.745675e-09
75.739000	-5.249038e-10
75.740000	-2.028267e-10
75.741000	-3.101521e-09
75.742000	-1.813212e-09
75.743000	-2.779444e-09
75.744000	-2.135289e-09
75.745000	-3.101521e-09
75.746000	-2.457366e-09
75.747000	-2.135289e-09
75.748000	-2.779444e-09
75.749000	-3.423598e-09
75.750000	-2.779444e-09
75.751000	-2.135289e-09
75.752000	-2.457366e-09
75.753000	-3.101521e-09
75.754000	-4.067752e-09
75.755000	-4.067752e-09
75.756000	-4.389829e-09
75.757000	-6.000215e-09
75.758000	-4.711906e-09
75.759000	-4.711906e-09
75.760000	-4.067752e-09
75.761000	-3.745675e-09
75.762000	-3.745675e-09
75.763000	-1.169058e-09
75.764000	-2.135289e-09
75.765000	-1.491135e-09
75.766000	-2.457366e-09
75.767000	-5.033983e-09
75.768000	-4.389829e-09
75.769000	-6.322292e-09
75.770000	-6.644369e-09
75.771000	-5.033983e-09
75.772000	-5.678137e-09
75.773000	-5.033983e-09
75.774000	-5.033983e-09
75.775000	-4.389829e-09
75.776000	-4.389829e-09
75.777000	-3.745675e-09
75.778000	-5.033983e-09
75.779000	-3.423598e-09
75.780000	-4.389829e-09
75.781000	-4.389829e-09
75.782000	-5.033983e-09
75.783000	-5.35606e-09
75.784000	-3.101521e-09
75.785000	-3.423598e-09
75.786000	-3.101521e-09
75.787000	-8.469809e-10
75.788000	1.192504e-10
75.789000	1.192504e-10
75.790000	-1.813212e-09
75.791000	-1.169058e-09
75.792000	-1.169058e-09
75.793000	-1.813212e-09
75.794000	-5.249038e-10
75.795000	-5.678137e-09
75.796000	-5.678137e-09
75.797000	-6.966446e-09
75.798000	-6.966446e-09
75.799000	-5.35606e-09
75.800000	-4.067752e-09
75.801000	-4.389829e-09
75.802000	-3.745675e-09
75.803000	-3.423598e-09
75.804000	-4.389829e-09
75.805000	-6.000215e-09
75.806000	-1.169058e-09
75.807000	-2.135289e-09
75.808000	1.192504e-10
75.809000	-2.028267e-10
75.810000	-2.135289e-09
75.811000	-1.169058e-09
75.812000	-2.457366e-09
75.813000	-2.135289e-09
75.814000	-5.033983e-09
75.815000	-5.35606e-09
75.816000	-4.711906e-09
75.817000	-4.389829e-09
75.818000	-4.711906e-09
75.819000	-6.000215e-09
75.820000	-5.35606e-09
75.821000	-4.389829e-09
75.822000	-3.745675e-09
75.823000	-3.423598e-09
75.824000	-1.169058e-09
75.825000	-1.169058e-09
75.826000	-2.457366e-09
75.827000	-6.966446e-09
75.828000	-6.000215e-09
75.829000	-5.033983e-09
75.830000	-4.711906e-09
75.831000	-4.389829e-09
75.832000	-3.423598e-09
75.833000	-4.711906e-09
75.834000	-2.779444e-09
75.835000	-4.067752e-09
75.836000	-4.711906e-09
75.837000	-3.101521e-09
75.838000	-5.678137e-09
75.839000	-4.389829e-09
75.840000	-4.389829e-09
75.841000	-3.745675e-09
75.842000	-5.033983e-09
75.843000	-5.35606e-09
75.844000	-3.745675e-09
75.845000	-1.813212e-09
75.846000	-1.813212e-09
75.847000	-2.135289e-09
75.848000	-8.469809e-10
75.849000	-1.813212e-09
75.850000	-2.779444e-09
75.851000	-3.101521e-09
75.852000	-5.033983e-09
75.853000	-4.711906e-09
75.854000	-5.35606e-09
75.855000	-6.000215e-09
75.856000	-5.35606e-09
75.857000	-3.101521e-09
75.858000	-1.813212e-09
75.859000	-2.028267e-10
75.860000	-1.491135e-09
75.861000	-2.135289e-09
75.862000	-1.813212e-09
75.863000	1.085482e-09
75.864000	-1.491135e-09
75.865000	-1.813212e-09
75.866000	-4.067752e-09
75.867000	-2.457366e-09
75.868000	-6.000215e-09
75.869000	-3.101521e-09
75.870000	-2.135289e-09
75.871000	-2.457366e-09
75.872000	-5.033983e-09
75.873000	-4.067752e-09
75.874000	-6.000215e-09
75.875000	-5.033983e-09
75.876000	-4.711906e-09
75.877000	-4.711906e-09
75.878000	-6.966446e-09
75.879000	-7.6106e-09
75.880000	-6.644369e-09
75.881000	-7.6106e-09
75.882000	-4.389829e-09
75.883000	-6.000215e-09
75.884000	-3.745675e-09
75.885000	-2.135289e-09
75.886000	-2.779444e-09
75.887000	-3.101521e-09
75.888000	-1.813212e-09
75.889000	-1.169058e-09
75.890000	-4.389829e-09
75.891000	-3.745675e-09
75.892000	-3.423598e-09
75.893000	-5.35606e-09
75.894000	-6.000215e-09
75.895000	-5.678137e-09
75.896000	-4.067752e-09
75.897000	-3.423598e-09
75.898000	-3.101521e-09
75.899000	1.192504e-10
75.900000	-1.169058e-09
75.901000	-2.779444e-09
75.902000	-1.491135e-09
75.903000	-1.813212e-09
75.904000	-1.491135e-09
75.905000	-1.491135e-09
75.906000	-2.028267e-10
75.907000	-1.813212e-09
75.908000	-1.491135e-09
75.909000	-1.169058e-09
75.910000	-3.101521e-09
75.911000	-1.813212e-09
75.912000	-2.457366e-09
75.913000	-2.457366e-09
75.914000	-2.457366e-09
75.915000	-4.067752e-09
75.916000	-5.033983e-09
75.917000	-5.033983e-09
75.918000	-5.033983e-09
75.919000	-4.389829e-09
75.920000	-6.644369e-09
75.921000	-2.457366e-09
75.922000	-2.135289e-09
75.923000	-1.813212e-09
75.924000	-1.169058e-09
75.925000	-3.101521e-09
75.926000	-3.423598e-09
75.927000	-3.423598e-09
75.928000	-7.288523e-09
75.929000	-5.35606e-09
75.930000	-4.389829e-09
75.931000	-3.101521e-09
75.932000	-7.288523e-09
75.933000	-3.745675e-09
75.934000	-3.101521e-09
75.935000	-4.711906e-09
75.936000	-6.322292e-09
75.937000	-4.389829e-09
75.938000	-2.779444e-09
75.939000	-3.745675e-09
75.940000	-3.423598e-09
75.941000	-3.101521e-09
75.942000	-3.745675e-09
75.943000	-3.423598e-09
75.944000	-6.000215e-09
75.945000	-8.469809e-10
75.946000	-1.813212e-09
75.947000	-2.457366e-09
75.948000	-1.491135e-09
75.949000	-2.135289e-09
75.950000	-3.101521e-09
