***End_of_Header***
Time	Voltage
63.138000	-4.711906e-09
63.139000	-5.033983e-09
63.140000	-5.35606e-09
63.141000	-5.033983e-09
63.142000	-4.711906e-09
63.143000	-5.033983e-09
63.144000	-4.711906e-09
63.145000	-6.000215e-09
63.146000	-4.711906e-09
63.147000	-3.423598e-09
63.148000	-4.067752e-09
63.149000	-5.033983e-09
63.150000	-5.35606e-09
63.151000	-4.711906e-09
63.152000	-3.423598e-09
63.153000	-8.469809e-10
63.154000	-1.169058e-09
63.155000	-2.028267e-10
63.156000	-5.249038e-10
63.157000	-1.169058e-09
63.158000	-3.745675e-09
63.159000	-1.813212e-09
63.160000	-3.423598e-09
63.161000	-4.067752e-09
63.162000	-2.779444e-09
63.163000	-3.745675e-09
63.164000	-3.745675e-09
63.165000	-2.779444e-09
63.166000	-4.389829e-09
63.167000	-5.678137e-09
63.168000	-4.067752e-09
63.169000	-3.745675e-09
63.170000	-3.101521e-09
63.171000	-2.135289e-09
63.172000	-3.423598e-09
63.173000	-3.745675e-09
63.174000	-2.779444e-09
63.175000	-4.711906e-09
63.176000	-5.033983e-09
63.177000	-2.457366e-09
63.178000	-3.745675e-09
63.179000	-3.745675e-09
63.180000	-4.389829e-09
63.181000	-4.389829e-09
63.182000	-2.779444e-09
63.183000	-4.389829e-09
63.184000	-3.101521e-09
63.185000	-8.469809e-10
63.186000	2.695867e-09
63.187000	5.272484e-09
63.188000	1.569708e-07
63.189000	1.866019e-07
63.190000	1.86924e-07
63.191000	1.798383e-07
63.192000	1.527838e-07
63.193000	1.440877e-07
63.194000	1.341033e-07
63.195000	1.305605e-07
63.196000	1.241189e-07
63.197000	1.186436e-07
63.198000	1.151008e-07
63.199000	1.128462e-07
63.200000	1.07693e-07
63.201000	1.002852e-07
63.202000	9.5132e-08
63.203000	9.062292e-08
63.204000	8.09606e-08
63.205000	7.935022e-08
63.206000	7.902814e-08
63.207000	7.645152e-08
63.208000	8.160476e-08
63.209000	8.353722e-08
63.210000	1.20254e-07
63.211000	1.350696e-07
63.212000	1.283059e-07
63.213000	1.279839e-07
63.214000	1.263735e-07
63.215000	1.208982e-07
63.216000	1.167112e-07
63.217000	1.138125e-07
63.218000	1.099475e-07
63.219000	1.031839e-07
63.220000	9.899692e-08
63.221000	9.255538e-08
63.222000	8.450345e-08
63.223000	7.612945e-08
63.224000	6.711129e-08
63.225000	5.358405e-08
63.226000	4.810874e-08
63.227000	3.715812e-08
63.228000	3.522565e-08
63.229000	2.685165e-08
63.230000	2.363088e-08
63.231000	2.459711e-08
63.232000	2.491919e-08
63.233000	2.363088e-08
63.234000	2.169842e-08
63.235000	2.137634e-08
63.236000	2.266465e-08
63.237000	2.202049e-08
63.238000	1.879972e-08
63.239000	1.718934e-08
63.240000	1.300233e-08
63.241000	1.332441e-08
63.242000	1.461272e-08
63.243000	1.461272e-08
63.244000	1.010364e-08
63.245000	1.042572e-08
63.246000	8.493255e-09
63.247000	5.594561e-09
63.248000	2.695867e-09
63.249000	4.413275e-10
63.250000	7.634046e-10
63.251000	-1.491135e-09
63.252000	-4.067752e-09
63.253000	-2.135289e-09
63.254000	-2.779444e-09
63.255000	-3.101521e-09
63.256000	-7.288523e-09
63.257000	-6.322292e-09
63.258000	-2.457366e-09
63.259000	-4.711906e-09
63.260000	-4.711906e-09
63.261000	-3.745675e-09
63.262000	-4.711906e-09
63.263000	-3.423598e-09
63.264000	-5.678137e-09
63.265000	-6.322292e-09
63.266000	-3.423598e-09
63.267000	-3.101521e-09
63.268000	-5.033983e-09
63.269000	-4.711906e-09
63.270000	-3.423598e-09
63.271000	-4.389829e-09
63.272000	-1.169058e-09
63.273000	-5.249038e-10
63.274000	1.192504e-10
63.275000	-5.249038e-10
63.276000	-2.135289e-09
63.277000	1.192504e-10
63.278000	-4.067752e-09
63.279000	-2.135289e-09
63.280000	-3.423598e-09
63.281000	-5.033983e-09
63.282000	-4.067752e-09
63.283000	-5.033983e-09
63.284000	-2.779444e-09
63.285000	-8.469809e-10
63.286000	1.192504e-10
63.287000	4.413275e-10
63.288000	-3.101521e-09
63.289000	1.192504e-10
63.290000	1.729636e-09
63.291000	-8.469809e-10
63.292000	-1.491135e-09
63.293000	-1.813212e-09
63.294000	-3.101521e-09
63.295000	-2.457366e-09
63.296000	-4.389829e-09
63.297000	-3.745675e-09
63.298000	-2.135289e-09
63.299000	-2.457366e-09
63.300000	-3.423598e-09
63.301000	-4.067752e-09
63.302000	-5.678137e-09
63.303000	-5.033983e-09
63.304000	-5.678137e-09
63.305000	-6.966446e-09
63.306000	-5.678137e-09
63.307000	-7.288523e-09
63.308000	-6.644369e-09
63.309000	-6.322292e-09
63.310000	-6.644369e-09
63.311000	-4.067752e-09
63.312000	-3.101521e-09
63.313000	-4.067752e-09
63.314000	-2.135289e-09
63.315000	-1.169058e-09
63.316000	-3.423598e-09
63.317000	-3.101521e-09
63.318000	-5.033983e-09
63.319000	-4.711906e-09
63.320000	-6.000215e-09
63.321000	-7.288523e-09
63.322000	-5.678137e-09
63.323000	-4.389829e-09
63.324000	-4.389829e-09
63.325000	-3.423598e-09
63.326000	-1.813212e-09
63.327000	-1.169058e-09
63.328000	-3.745675e-09
63.329000	-1.491135e-09
63.330000	-2.135289e-09
63.331000	-2.457366e-09
63.332000	-8.469809e-10
63.333000	-3.101521e-09
63.334000	-3.101521e-09
63.335000	-2.028267e-10
63.336000	-2.135289e-09
63.337000	4.413275e-10
63.338000	-1.813212e-09
63.339000	-1.491135e-09
63.340000	-2.779444e-09
63.341000	-5.678137e-09
63.342000	-4.067752e-09
63.343000	-2.779444e-09
63.344000	-3.423598e-09
63.345000	-3.745675e-09
63.346000	-2.457366e-09
63.347000	-3.423598e-09
63.348000	-3.745675e-09
63.349000	-4.711906e-09
63.350000	-1.169058e-09
63.351000	-2.028267e-10
63.352000	-2.457366e-09
63.353000	-4.389829e-09
63.354000	-3.745675e-09
63.355000	-2.779444e-09
63.356000	-3.423598e-09
63.357000	-3.745675e-09
63.358000	-2.457366e-09
63.359000	-3.745675e-09
63.360000	-8.254754e-09
63.361000	-2.457366e-09
63.362000	-4.067752e-09
63.363000	-3.423598e-09
63.364000	-3.745675e-09
63.365000	-1.018722e-08
63.366000	-5.033983e-09
63.367000	-5.033983e-09
63.368000	-4.389829e-09
63.369000	-5.35606e-09
63.370000	-3.745675e-09
63.371000	-2.779444e-09
63.372000	-2.779444e-09
63.373000	-3.101521e-09
63.374000	-1.813212e-09
63.375000	-2.779444e-09
63.376000	-4.711906e-09
63.377000	-6.000215e-09
63.378000	-6.000215e-09
63.379000	-6.644369e-09
63.380000	-6.644369e-09
63.381000	-5.678137e-09
63.382000	-4.389829e-09
63.383000	-3.101521e-09
63.384000	-3.745675e-09
63.385000	-1.491135e-09
63.386000	-1.491135e-09
63.387000	-2.457366e-09
63.388000	-1.491135e-09
63.389000	-5.249038e-10
63.390000	1.192504e-10
63.391000	-5.249038e-10
63.392000	-1.169058e-09
63.393000	-3.101521e-09
63.394000	-2.457366e-09
63.395000	-1.491135e-09
63.396000	-2.135289e-09
63.397000	-1.169058e-09
63.398000	-5.249038e-10
63.399000	-3.423598e-09
63.400000	-2.779444e-09
63.401000	-2.135289e-09
63.402000	-5.033983e-09
63.403000	-4.711906e-09
63.404000	-3.745675e-09
63.405000	-5.678137e-09
63.406000	-5.35606e-09
63.407000	-5.678137e-09
63.408000	-5.678137e-09
63.409000	-4.711906e-09
63.410000	-3.423598e-09
63.411000	-2.135289e-09
63.412000	-1.813212e-09
63.413000	-2.457366e-09
63.414000	-3.101521e-09
63.415000	-4.067752e-09
63.416000	-6.000215e-09
63.417000	-5.35606e-09
63.418000	-4.711906e-09
63.419000	-6.644369e-09
63.420000	-8.254754e-09
63.421000	-6.322292e-09
63.422000	-4.711906e-09
63.423000	-5.35606e-09
63.424000	-4.711906e-09
63.425000	-3.423598e-09
63.426000	-4.389829e-09
63.427000	-2.135289e-09
63.428000	-3.101521e-09
63.429000	-3.101521e-09
63.430000	-3.101521e-09
63.431000	-2.779444e-09
63.432000	-1.491135e-09
63.433000	1.192504e-10
63.434000	-2.135289e-09
63.435000	1.192504e-10
63.436000	1.192504e-10
63.437000	1.192504e-10
63.438000	-2.457366e-09
63.439000	-1.491135e-09
63.440000	-3.423598e-09
63.441000	-4.711906e-09
63.442000	-5.033983e-09
63.443000	-4.067752e-09
63.444000	-4.389829e-09
63.445000	-3.745675e-09
63.446000	-1.491135e-09
63.447000	-2.779444e-09
63.448000	-4.711906e-09
63.449000	1.192504e-10
63.450000	-1.813212e-09
63.451000	-3.745675e-09
63.452000	-2.779444e-09
63.453000	-2.135289e-09
63.454000	-1.169058e-09
63.455000	-2.779444e-09
63.456000	-9.220986e-09
63.457000	-3.745675e-09
63.458000	-4.067752e-09
63.459000	-4.389829e-09
63.460000	-4.389829e-09
63.461000	-3.101521e-09
63.462000	-3.745675e-09
63.463000	-4.711906e-09
63.464000	-4.711906e-09
63.465000	-6.000215e-09
63.466000	-5.678137e-09
63.467000	-6.966446e-09
63.468000	-4.389829e-09
63.469000	-3.423598e-09
63.470000	-3.423598e-09
63.471000	-2.028267e-10
63.472000	-2.779444e-09
63.473000	-3.101521e-09
63.474000	-2.779444e-09
63.475000	-4.389829e-09
63.476000	-4.711906e-09
63.477000	-4.389829e-09
63.478000	-2.779444e-09
63.479000	-3.745675e-09
63.480000	-9.220986e-09
63.481000	-6.322292e-09
63.482000	-3.101521e-09
63.483000	-5.35606e-09
63.484000	-3.423598e-09
63.485000	-8.469809e-10
63.486000	-1.813212e-09
63.487000	-1.491135e-09
63.488000	-3.745675e-09
63.489000	-3.423598e-09
63.490000	-3.101521e-09
63.491000	-5.033983e-09
63.492000	-2.135289e-09
63.493000	-1.813212e-09
63.494000	-2.457366e-09
63.495000	-5.249038e-10
63.496000	-5.678137e-09
63.497000	-8.469809e-10
63.498000	-1.169058e-09
63.499000	-1.813212e-09
63.500000	-2.779444e-09
63.501000	-3.745675e-09
63.502000	-4.389829e-09
63.503000	-4.389829e-09
63.504000	-4.067752e-09
63.505000	-2.779444e-09
63.506000	-1.813212e-09
63.507000	-2.457366e-09
63.508000	-3.423598e-09
63.509000	-2.457366e-09
63.510000	-5.249038e-10
63.511000	-1.169058e-09
63.512000	-1.491135e-09
63.513000	-6.322292e-09
63.514000	-2.457366e-09
63.515000	-2.779444e-09
63.516000	-4.067752e-09
63.517000	-5.678137e-09
63.518000	-4.067752e-09
63.519000	-3.745675e-09
63.520000	-5.678137e-09
63.521000	-3.423598e-09
63.522000	-4.389829e-09
63.523000	-3.101521e-09
63.524000	-5.033983e-09
63.525000	-6.644369e-09
63.526000	-8.576831e-09
63.527000	-6.000215e-09
63.528000	-5.033983e-09
63.529000	-5.033983e-09
63.530000	-3.101521e-09
63.531000	-2.779444e-09
63.532000	-8.469809e-10
63.533000	-1.491135e-09
63.534000	-1.813212e-09
63.535000	-3.745675e-09
63.536000	-4.711906e-09
63.537000	-3.745675e-09
