***End_of_Header***
Time	Voltage
6.000000	-1.984953e-09
6.001000	-1.662876e-09
6.002000	-1.340799e-09
6.003000	-9.220986e-10
6.004000	-6.000215e-10
6.005000	1.407559e-10
6.006000	5.272484e-10
6.007000	9.781563e-10
6.008000	1.268026e-09
6.009000	1.364649e-09
6.010000	1.106987e-09
6.011000	1.010364e-09
6.012000	7.204947e-10
6.013000	2.051713e-10
6.014000	-2.779444e-10
6.015000	-6.966446e-10
6.016000	-1.276383e-09
6.017000	-1.88833e-09
6.018000	-2.113784e-09
6.019000	-1.952745e-09
6.020000	-1.727291e-09
6.021000	-1.856122e-09
6.022000	-1.373007e-09
6.023000	-1.244176e-09
6.024000	-7.288523e-10
6.025000	7.634046e-11
6.026000	5.272484e-10
6.027000	8.171178e-10
6.028000	8.493255e-10
6.029000	1.396857e-09
6.030000	1.106987e-09
6.031000	9.781563e-10
6.032000	6.88287e-10
6.033000	3.662099e-10
6.034000	-1.813212e-10
6.035000	-6.644369e-10
6.036000	-1.244176e-09
6.037000	-1.501837e-09
6.038000	-2.178199e-09
6.039000	-1.984953e-09
6.040000	-1.856122e-09
6.041000	-1.566253e-09
6.042000	-1.17976e-09
6.043000	-9.86514e-10
6.044000	-6.322292e-10
6.045000	1.407559e-10
6.046000	6.560792e-10
6.047000	1.171403e-09
6.048000	1.461272e-09
6.049000	1.783349e-09
6.050000	1.089813e-08
6.051000	1.901447e-08
6.052000	2.130122e-08
6.053000	2.133343e-08
6.054000	2.039941e-08
6.055000	1.888564e-08
6.056000	1.70176e-08
6.057000	1.521396e-08
6.058000	1.37002e-08
6.059000	1.289501e-08
6.060000	1.208982e-08
6.061000	1.03506e-08
6.062000	9.22333e-09
6.063000	8.675799e-09
6.064000	8.643591e-09
6.065000	9.448784e-09
6.066000	9.964108e-09
6.067000	8.160476e-09
6.068000	2.717373e-09
6.069000	4.16672e-09
6.070000	6.163598e-09
6.071000	8.997876e-09
6.072000	1.057605e-08
6.073000	1.196099e-08
6.074000	1.250852e-08
6.075000	1.257293e-08
6.076000	1.263735e-08
6.077000	1.295942e-08
6.078000	1.318488e-08
6.079000	1.347475e-08
6.080000	1.408669e-08
6.081000	1.389345e-08
6.082000	1.363579e-08
6.083000	1.353916e-08
6.084000	1.373241e-08
6.085000	1.389345e-08
6.086000	1.350696e-08
6.087000	1.312046e-08
6.088000	1.189657e-08
6.089000	1.089813e-08
6.090000	9.738654e-09
6.091000	8.257099e-09
6.092000	6.775544e-09
6.093000	5.326197e-09
6.094000	4.070097e-09
6.095000	2.588542e-09
6.096000	1.396857e-09
6.097000	5.916638e-10
6.098000	4.62833e-10
6.099000	5.594561e-10
6.100000	1.235818e-09
6.101000	1.944388e-09
6.102000	2.74958e-09
6.103000	3.780227e-09
6.104000	4.58542e-09
6.105000	5.519444e-09
6.106000	6.582298e-09
6.107000	6.96879e-09
6.108000	7.162037e-09
6.109000	6.96879e-09
6.110000	6.195805e-09
6.111000	5.583859e-09
6.112000	4.939705e-09
6.113000	4.424381e-09
6.114000	3.329319e-09
6.115000	2.169842e-09
6.116000	1.042572e-09
6.117000	-2.779444e-10
6.118000	-1.083137e-09
6.119000	-1.566253e-09
6.120000	-1.373007e-09
6.121000	-1.630668e-09
6.122000	-1.823914e-09
6.123000	-1.662876e-09
6.124000	-1.437422e-09
6.125000	-1.018722e-09
6.126000	-4.389829e-10
6.127000	1.192504e-11
6.128000	4.950407e-10
6.129000	6.238715e-10
6.130000	4.950407e-10
6.131000	4.950407e-10
6.132000	3.984176e-10
6.133000	1.407559e-10
6.134000	-2.135289e-10
6.135000	-6.644369e-10
6.136000	-1.405214e-09
6.137000	-2.145992e-09
6.138000	-2.242615e-09
6.139000	-2.532484e-09
6.140000	-2.113784e-09
6.141000	-1.823914e-09
6.142000	-1.437422e-09
6.143000	-1.276383e-09
6.144000	-1.018722e-09
6.145000	-3.101521e-10
6.146000	3.984176e-10
6.147000	8.171178e-10
6.148000	1.171403e-09
6.149000	1.235818e-09
6.150000	9.137409e-10
6.151000	6.88287e-10
6.152000	3.984176e-10
6.153000	1.729636e-10
6.154000	-6.000215e-10
6.155000	-9.86514e-10
6.156000	-1.59846e-09
6.157000	-2.113784e-09
6.158000	-2.532484e-09
6.159000	-2.468069e-09
6.160000	-2.081576e-09
6.161000	-1.88833e-09
6.162000	-1.759499e-09
6.163000	-1.405214e-09
6.164000	-9.220986e-10
6.165000	-4.389829e-10
6.166000	4.950407e-10
6.167000	9.781563e-10
6.168000	1.171403e-09
6.169000	1.364649e-09
6.170000	1.171403e-09
6.171000	8.171178e-10
6.172000	6.238715e-10
6.173000	5.594561e-10
6.174000	4.413275e-11
6.175000	-5.35606e-10
6.176000	-1.17976e-09
6.177000	-2.049368e-09
6.178000	-2.371446e-09
6.179000	-2.30703e-09
6.180000	-1.856122e-09
6.181000	-1.727291e-09
6.182000	-1.534045e-09
6.183000	-1.17976e-09
6.184000	-7.288523e-10
6.185000	-5.678137e-10
6.186000	5.272484e-10
6.187000	1.332441e-09
6.188000	1.364649e-09
6.189000	1.364649e-09
6.190000	1.042572e-09
6.191000	9.137409e-10
6.192000	6.560792e-10
6.193000	1.729636e-10
6.194000	-1.813212e-10
6.195000	-6.322292e-10
6.196000	-1.501837e-09
6.197000	-1.856122e-09
6.198000	-2.113784e-09
6.199000	-2.242615e-09
6.200000	-1.952745e-09
6.201000	-1.695084e-09
6.202000	-1.46963e-09
6.203000	-1.083137e-09
6.204000	-7.6106e-10
6.205000	-5.249038e-11
6.206000	3.984176e-10
6.207000	9.781563e-10
6.208000	1.171403e-09
6.209000	1.300233e-09
6.210000	1.042572e-09
6.211000	7.204947e-10
6.212000	6.238715e-10
6.213000	3.984176e-10
6.214000	-2.135289e-10
6.215000	-6.966446e-10
6.216000	-1.308591e-09
6.217000	-1.856122e-09
6.218000	-2.081576e-09
6.219000	-2.210407e-09
6.220000	-1.88833e-09
6.221000	-1.759499e-09
6.222000	-1.405214e-09
6.223000	-1.115345e-09
6.224000	-6.644369e-10
6.225000	-2.135289e-10
6.226000	3.984176e-10
6.227000	1.042572e-09
6.228000	1.171403e-09
6.229000	1.300233e-09
6.230000	1.074779e-09
6.231000	7.204947e-10
6.232000	3.984176e-10
6.233000	3.340021e-10
6.234000	-1.169058e-10
6.235000	-9.220986e-10
6.236000	-1.244176e-09
6.237000	-1.920538e-09
6.238000	-2.113784e-09
6.239000	-2.145992e-09
6.240000	-1.856122e-09
6.241000	-1.695084e-09
6.242000	-1.566253e-09
6.243000	-1.115345e-09
6.244000	-5.678137e-10
6.245000	-1.169058e-10
6.246000	4.950407e-10
6.247000	1.332441e-09
6.248000	1.300233e-09
6.249000	1.300233e-09
6.250000	9.781563e-10
6.251000	9.137409e-10
6.252000	7.849101e-10
6.253000	3.662099e-10
6.254000	-2.028267e-11
6.255000	-6.966446e-10
6.256000	-1.566253e-09
6.257000	-1.856122e-09
6.258000	-1.88833e-09
6.259000	-2.178199e-09
6.260000	-1.823914e-09
6.261000	-1.630668e-09
6.262000	-1.566253e-09
6.263000	-1.083137e-09
6.264000	-8.898909e-10
6.265000	-2.135289e-10
6.266000	4.306253e-10
6.267000	1.300233e-09
6.268000	1.235818e-09
6.269000	1.429064e-09
6.270000	1.106987e-09
6.271000	7.849101e-10
6.272000	4.950407e-10
6.273000	3.662099e-10
6.274000	-5.249038e-11
6.275000	-7.6106e-10
6.276000	-1.17976e-09
6.277000	-2.178199e-09
6.278000	-2.017161e-09
6.279000	-2.081576e-09
6.280000	-1.856122e-09
6.281000	-1.566253e-09
6.282000	-1.534045e-09
6.283000	-1.083137e-09
6.284000	-6.322292e-10
6.285000	-5.249038e-11
6.286000	5.594561e-10
6.287000	1.139195e-09
6.288000	1.074779e-09
6.289000	1.525687e-09
6.290000	9.781563e-10
6.291000	9.459486e-10
6.292000	6.560792e-10
6.293000	4.306253e-10
6.294000	-5.249038e-11
6.295000	-6.322292e-10
6.296000	-1.17976e-09
6.297000	-1.952745e-09
6.298000	-1.984953e-09
6.299000	-2.017161e-09
