***End_of_Header***
Time	Voltage
4.599000	-1.727291e-09
4.600000	-1.566253e-09
4.601000	-1.566253e-09
4.602000	-1.211968e-09
4.603000	-6.322292e-10
4.604000	4.413275e-11
4.605000	3.017944e-10
4.606000	1.074779e-09
4.607000	1.20361e-09
4.608000	1.332441e-09
4.609000	7.204947e-10
4.610000	9.459486e-10
4.611000	7.849101e-10
4.612000	3.340021e-10
4.613000	-1.813212e-10
4.614000	-6.000215e-10
4.615000	-1.373007e-09
4.616000	-1.823914e-09
4.617000	-2.049368e-09
4.618000	-2.242615e-09
4.619000	-1.952745e-09
4.620000	-1.534045e-09
4.621000	-1.59846e-09
4.622000	-1.373007e-09
4.623000	-7.6106e-10
4.624000	-2.028267e-11
4.625000	3.340021e-10
4.626000	8.815332e-10
4.627000	1.300233e-09
4.628000	1.332441e-09
4.629000	1.010364e-09
4.630000	9.459486e-10
4.631000	8.815332e-10
4.632000	3.340021e-10
4.633000	-8.469809e-11
4.634000	-5.35606e-10
4.635000	-1.115345e-09
4.636000	-1.630668e-09
4.637000	-1.88833e-09
4.638000	-2.049368e-09
4.639000	-1.952745e-09
4.640000	-1.662876e-09
4.641000	-1.501837e-09
4.642000	-1.115345e-09
4.643000	-5.033983e-10
4.644000	1.407559e-10
4.645000	5.272484e-10
4.646000	1.235818e-09
4.647000	1.364649e-09
4.648000	2.008803e-09
4.649000	1.695318e-08
4.650000	2.068928e-08
4.651000	2.165551e-08
4.652000	2.097914e-08
4.653000	2.004512e-08
4.654000	1.820928e-08
4.655000	1.640565e-08
4.656000	1.463423e-08
4.657000	1.337812e-08
4.658000	1.241189e-08
4.659000	1.192878e-08
4.660000	1.105917e-08
4.661000	9.64203e-09
4.662000	9.126707e-09
4.663000	9.384369e-09
4.664000	9.867484e-09
4.665000	9.996315e-09
4.666000	4.939705e-09
4.667000	5.261782e-09
4.668000	7.484114e-09
4.669000	9.384369e-09
4.670000	1.041502e-08
4.671000	1.24441e-08
4.672000	1.331371e-08
4.673000	1.360358e-08
4.674000	1.37002e-08
4.675000	1.363579e-08
4.676000	1.321709e-08
4.677000	1.321709e-08
4.678000	1.312046e-08
4.679000	1.334592e-08
4.680000	1.337812e-08
4.681000	1.299163e-08
4.682000	1.260514e-08
4.683000	1.263735e-08
4.684000	1.270176e-08
4.685000	1.212202e-08
4.686000	1.192878e-08
4.687000	1.112359e-08
4.688000	1.002852e-08
4.689000	8.772422e-09
4.690000	7.773983e-09
4.691000	6.775544e-09
4.692000	5.487236e-09
4.693000	4.198927e-09
4.694000	3.103865e-09
4.695000	2.202049e-09
4.696000	1.557895e-09
4.697000	1.461272e-09
4.698000	1.396857e-09
4.699000	1.91218e-09
4.700000	2.395296e-09
4.701000	2.685165e-09
4.702000	3.522565e-09
4.703000	4.424381e-09
4.704000	5.616067e-09
4.705000	6.260221e-09
4.706000	7.065414e-09
4.707000	7.129829e-09
4.708000	6.55009e-09
4.709000	5.938144e-09
4.710000	5.455028e-09
4.711000	5.00412e-09
4.712000	3.909058e-09
4.713000	3.071658e-09
4.714000	1.879972e-09
4.715000	8.493255e-10
4.716000	-6.322292e-10
4.717000	-1.437422e-09
4.718000	-1.791707e-09
4.719000	-1.59846e-09
4.720000	-1.437422e-09
4.721000	-1.695084e-09
4.722000	-1.534045e-09
4.723000	-1.695084e-09
4.724000	-1.373007e-09
4.725000	-1.115345e-09
4.726000	-2.028267e-11
4.727000	4.62833e-10
4.728000	7.849101e-10
4.729000	4.306253e-10
4.730000	5.594561e-10
4.731000	5.594561e-10
4.732000	2.695867e-10
4.733000	-3.745675e-10
4.734000	-5.678137e-10
4.735000	-1.276383e-09
4.736000	-1.856122e-09
4.737000	-2.178199e-09
4.738000	-2.435861e-09
4.739000	-2.242615e-09
4.740000	-2.178199e-09
4.741000	-1.984953e-09
4.742000	-1.244176e-09
4.743000	-4.067752e-10
4.744000	1.192504e-11
4.745000	4.306253e-10
4.746000	1.106987e-09
4.747000	1.300233e-09
4.748000	1.429064e-09
4.749000	1.074779e-09
4.750000	9.459486e-10
4.751000	5.916638e-10
4.752000	2.051713e-10
4.753000	-1.491135e-10
4.754000	-9.220986e-10
4.755000	-1.373007e-09
4.756000	-2.081576e-09
4.757000	-2.274822e-09
4.758000	-2.468069e-09
4.759000	-2.178199e-09
4.760000	-1.920538e-09
4.761000	-1.791707e-09
4.762000	-1.46963e-09
4.763000	-1.115345e-09
4.764000	-5.033983e-10
4.765000	2.051713e-10
4.766000	8.815332e-10
4.767000	1.171403e-09
4.768000	1.429064e-09
4.769000	1.139195e-09
4.770000	8.815332e-10
4.771000	7.527024e-10
4.772000	3.662099e-10
4.773000	1.192504e-11
4.774000	-6.966446e-10
4.775000	-1.630668e-09
4.776000	-1.856122e-09
4.777000	-2.178199e-09
4.778000	-2.468069e-09
4.779000	-2.049368e-09
4.780000	-1.856122e-09
4.781000	-1.727291e-09
4.782000	-1.17976e-09
4.783000	-8.254754e-10
4.784000	-1.491135e-10
4.785000	3.017944e-10
4.786000	9.137409e-10
4.787000	1.332441e-09
4.788000	1.332441e-09
4.789000	1.106987e-09
4.790000	1.042572e-09
4.791000	8.493255e-10
4.792000	4.306253e-10
4.793000	-8.469809e-11
4.794000	-6.644369e-10
4.795000	-1.630668e-09
4.796000	-2.242615e-09
4.797000	-2.081576e-09
4.798000	-2.210407e-09
4.799000	-2.274822e-09
4.800000	-1.791707e-09
4.801000	-2.145992e-09
4.802000	-1.308591e-09
4.803000	-9.220986e-10
4.804000	-3.423598e-10
4.805000	2.695867e-10
4.806000	9.459486e-10
4.807000	1.20361e-09
4.808000	1.20361e-09
4.809000	9.781563e-10
4.810000	9.459486e-10
4.811000	8.493255e-10
4.812000	2.695867e-10
4.813000	-1.169058e-10
4.814000	-6.000215e-10
4.815000	-1.115345e-09
4.816000	-1.759499e-09
4.817000	-2.081576e-09
4.818000	-2.017161e-09
4.819000	-1.952745e-09
4.820000	-1.823914e-09
4.821000	-1.534045e-09
4.822000	-1.211968e-09
4.823000	-8.898909e-10
4.824000	-1.491135e-10
4.825000	5.916638e-10
4.826000	9.781563e-10
4.827000	1.235818e-09
4.828000	1.396857e-09
4.829000	1.235818e-09
4.830000	1.074779e-09
4.831000	7.204947e-10
4.832000	3.662099e-10
4.833000	1.085482e-10
4.834000	-6.322292e-10
4.835000	-1.244176e-09
4.836000	-1.920538e-09
4.837000	-2.081576e-09
4.838000	-2.178199e-09
4.839000	-2.017161e-09
4.840000	-1.662876e-09
4.841000	-1.59846e-09
4.842000	-1.17976e-09
4.843000	-8.254754e-10
4.844000	-1.491135e-10
4.845000	3.340021e-10
4.846000	9.781563e-10
4.847000	1.235818e-09
4.848000	1.49348e-09
4.849000	1.139195e-09
4.850000	1.106987e-09
4.851000	6.560792e-10
4.852000	4.62833e-10
4.853000	1.192504e-11
4.854000	-4.389829e-10
4.855000	-1.115345e-09
4.856000	-1.727291e-09
4.857000	-1.952745e-09
4.858000	-2.242615e-09
4.859000	-1.952745e-09
4.860000	-1.662876e-09
4.861000	-1.695084e-09
4.862000	-1.115345e-09
4.863000	-9.86514e-10
4.864000	-2.135289e-10
4.865000	3.017944e-10
4.866000	9.459486e-10
4.867000	1.20361e-09
4.868000	1.396857e-09
4.869000	1.300233e-09
4.870000	8.815332e-10
4.871000	5.272484e-10
4.872000	2.051713e-10
4.873000	-5.249038e-11
4.874000	-9.86514e-10
4.875000	-1.211968e-09
4.876000	-1.662876e-09
4.877000	-1.88833e-09
4.878000	-2.339238e-09
4.879000	-1.984953e-09
4.880000	-1.662876e-09
4.881000	-1.566253e-09
4.882000	-1.147553e-09
4.883000	-7.6106e-10
4.884000	-1.169058e-10
4.885000	3.984176e-10
4.886000	1.010364e-09
4.887000	1.171403e-09
4.888000	1.557895e-09
4.889000	1.074779e-09
4.890000	9.459486e-10
4.891000	8.815332e-10
4.892000	5.272484e-10
4.893000	1.192504e-11
4.894000	-5.678137e-10
4.895000	-1.115345e-09
4.896000	-1.759499e-09
4.897000	-2.049368e-09
4.898000	-2.242615e-09
