***End_of_Header***
Time	Voltage
16.272000	1.461272e-09
16.273000	1.364649e-09
16.274000	6.88287e-10
16.275000	1.010364e-09
16.276000	9.781563e-10
16.277000	5.594561e-10
16.278000	2.051713e-10
16.279000	-6.000215e-10
16.280000	-9.543063e-10
16.281000	-1.437422e-09
16.282000	-2.017161e-09
16.283000	-2.178199e-09
16.284000	-1.630668e-09
16.285000	-1.566253e-09
16.286000	-1.405214e-09
16.287000	-1.115345e-09
16.288000	-1.083137e-09
16.289000	-8.469809e-11
16.290000	3.984176e-10
16.291000	7.204947e-10
16.292000	1.364649e-09
16.293000	1.332441e-09
16.294000	1.074779e-09
16.295000	7.849101e-10
16.296000	9.137409e-10
16.297000	4.62833e-10
16.298000	3.662099e-10
16.299000	-6.644369e-10
16.300000	-9.86514e-10
16.301000	-1.727291e-09
16.302000	-1.920538e-09
16.303000	-1.952745e-09
16.304000	-1.759499e-09
16.305000	-1.534045e-09
16.306000	-1.373007e-09
16.307000	-1.115345e-09
16.308000	-8.576831e-10
16.309000	-1.813212e-10
16.310000	3.662099e-10
16.311000	7.204947e-10
16.312000	1.300233e-09
16.313000	1.429064e-09
16.314000	1.20361e-09
16.315000	4.950407e-10
16.316000	9.781563e-10
16.317000	7.527024e-10
16.318000	4.306253e-10
16.319000	-3.101521e-10
16.320000	-5.678137e-10
16.321000	2.202049e-09
16.322000	2.41355e-08
16.323000	2.835471e-08
16.324000	2.79038e-08
16.325000	2.610017e-08
16.326000	2.355576e-08
16.327000	2.091473e-08
16.328000	1.801604e-08
16.329000	1.65989e-08
16.330000	1.469864e-08
16.331000	1.279839e-08
16.332000	1.173553e-08
16.333000	1.115579e-08
16.334000	1.064047e-08
16.335000	1.083372e-08
16.336000	1.138125e-08
16.337000	1.141345e-08
16.338000	1.047943e-08
16.339000	1.047943e-08
16.340000	1.24441e-08
16.341000	1.456981e-08
16.342000	1.656669e-08
16.343000	1.846694e-08
16.344000	2.043161e-08
16.345000	2.159109e-08
16.346000	2.24607e-08
16.347000	2.300823e-08
16.348000	2.307265e-08
16.349000	2.323368e-08
16.350000	2.249291e-08
16.351000	2.184875e-08
16.352000	2.075369e-08
16.353000	1.949759e-08
16.354000	1.756513e-08
16.355000	1.550383e-08
16.356000	1.37002e-08
16.357000	1.122021e-08
16.358000	9.416576e-09
16.359000	7.290868e-09
16.360000	5.938144e-09
16.361000	4.456589e-09
16.362000	3.264904e-09
16.363000	2.459711e-09
16.364000	2.459711e-09
16.365000	2.588542e-09
16.366000	2.652957e-09
16.367000	3.071658e-09
16.368000	3.425942e-09
16.369000	4.16672e-09
16.370000	4.939705e-09
16.371000	5.873728e-09
16.372000	7.226452e-09
16.373000	8.579176e-09
16.374000	8.901253e-09
16.375000	9.287746e-09
16.376000	9.062292e-09
16.377000	7.902814e-09
16.378000	7.25866e-09
16.379000	5.583859e-09
16.380000	3.973473e-09
16.381000	2.202049e-09
16.382000	8.171178e-10
16.383000	-2.457366e-10
16.384000	-7.6106e-10
16.385000	-9.86514e-10
16.386000	-1.276383e-09
16.387000	-1.373007e-09
16.388000	-1.17976e-09
16.389000	-6.322292e-10
16.390000	-2.457366e-10
16.391000	1.085482e-10
16.392000	5.272484e-10
16.393000	7.204947e-10
16.394000	5.594561e-10
16.395000	2.051713e-10
16.396000	3.017944e-10
16.397000	2.051713e-10
16.398000	1.192504e-11
16.399000	-6.966446e-10
16.400000	-1.340799e-09
16.401000	-1.759499e-09
16.402000	-1.759499e-09
16.403000	-1.727291e-09
16.404000	-1.534045e-09
16.405000	-1.59846e-09
16.406000	-1.437422e-09
16.407000	-1.340799e-09
16.408000	-1.211968e-09
16.409000	-4.389829e-10
16.410000	1.085482e-10
16.411000	5.916638e-10
16.412000	9.459486e-10
16.413000	1.171403e-09
16.414000	9.137409e-10
16.415000	6.560792e-10
16.416000	4.62833e-10
16.417000	1.085482e-10
16.418000	-1.813212e-10
16.419000	-1.115345e-09
16.420000	-1.276383e-09
16.421000	-1.791707e-09
16.422000	-2.113784e-09
16.423000	-2.274822e-09
16.424000	-1.695084e-09
16.425000	-1.437422e-09
16.426000	-1.17976e-09
16.427000	-8.254754e-10
16.428000	-5.033983e-10
16.429000	4.413275e-11
16.430000	5.916638e-10
16.431000	1.042572e-09
16.432000	1.461272e-09
16.433000	1.622311e-09
16.434000	1.429064e-09
16.435000	1.042572e-09
16.436000	8.493255e-10
16.437000	6.88287e-10
16.438000	3.984176e-10
16.439000	-2.779444e-10
16.440000	-8.576831e-10
16.441000	-1.373007e-09
16.442000	-1.823914e-09
16.443000	-2.113784e-09
16.444000	-1.791707e-09
16.445000	-1.534045e-09
16.446000	-1.59846e-09
16.447000	-1.373007e-09
16.448000	-8.576831e-10
16.449000	-3.101521e-10
16.450000	2.37379e-10
16.451000	6.88287e-10
16.452000	1.106987e-09
16.453000	1.139195e-09
16.454000	9.137409e-10
16.455000	7.849101e-10
16.456000	7.527024e-10
16.457000	3.017944e-10
16.458000	1.192504e-11
16.459000	-5.033983e-10
16.460000	-1.083137e-09
16.461000	-1.566253e-09
16.462000	-2.210407e-09
16.463000	-2.113784e-09
16.464000	-2.049368e-09
16.465000	-1.630668e-09
16.466000	-1.46963e-09
16.467000	-1.115345e-09
16.468000	-8.576831e-10
16.469000	-2.457366e-10
16.470000	3.017944e-10
16.471000	7.527024e-10
16.472000	1.106987e-09
16.473000	1.300233e-09
16.474000	1.010364e-09
16.475000	8.171178e-10
16.476000	4.950407e-10
16.477000	3.984176e-10
16.478000	1.085482e-10
16.479000	-7.932677e-10
16.480000	-1.115345e-09
16.481000	-1.501837e-09
16.482000	-1.920538e-09
16.483000	-2.629107e-09
16.484000	-1.662876e-09
16.485000	-1.437422e-09
16.486000	-1.501837e-09
16.487000	-1.308591e-09
16.488000	-7.288523e-10
16.489000	-2.457366e-10
16.490000	1.407559e-10
16.491000	6.88287e-10
16.492000	1.042572e-09
16.493000	1.396857e-09
16.494000	9.137409e-10
16.495000	4.950407e-10
16.496000	8.493255e-10
16.497000	4.62833e-10
16.498000	1.085482e-10
16.499000	-4.711906e-10
16.500000	-8.898909e-10
16.501000	-1.566253e-09
16.502000	-1.856122e-09
16.503000	-2.242615e-09
16.504000	-1.791707e-09
16.505000	-1.566253e-09
16.506000	-1.984953e-09
16.507000	-1.501837e-09
16.508000	-9.220986e-10
16.509000	-2.457366e-10
16.510000	2.695867e-10
16.511000	4.950407e-10
16.512000	1.268026e-09
16.513000	1.300233e-09
16.514000	6.238715e-10
16.515000	8.815332e-10
16.516000	7.527024e-10
16.517000	5.594561e-10
16.518000	7.634046e-11
16.519000	-7.288523e-10
16.520000	-1.050929e-09
16.521000	-1.534045e-09
16.522000	-1.856122e-09
16.523000	-2.210407e-09
16.524000	-1.823914e-09
16.525000	-1.727291e-09
16.526000	-1.405214e-09
16.527000	-1.050929e-09
16.528000	-8.898909e-10
16.529000	-1.813212e-10
16.530000	3.984176e-10
16.531000	9.137409e-10
16.532000	1.106987e-09
16.533000	1.364649e-09
16.534000	1.010364e-09
16.535000	3.662099e-10
16.536000	5.916638e-10
16.537000	3.984176e-10
16.538000	2.695867e-10
16.539000	-5.35606e-10
16.540000	-1.083137e-09
16.541000	-1.630668e-09
16.542000	-1.856122e-09
16.543000	-2.145992e-09
16.544000	-1.88833e-09
16.545000	-1.534045e-09
16.546000	-1.405214e-09
16.547000	-1.147553e-09
16.548000	-1.083137e-09
16.549000	-2.779444e-10
16.550000	3.340021e-10
16.551000	8.171178e-10
16.552000	9.459486e-10
16.553000	1.396857e-09
16.554000	1.074779e-09
16.555000	4.306253e-10
16.556000	6.88287e-10
16.557000	5.272484e-10
16.558000	1.729636e-10
16.559000	-4.711906e-10
16.560000	-1.115345e-09
16.561000	-1.566253e-09
16.562000	-1.88833e-09
16.563000	-2.145992e-09
16.564000	-1.920538e-09
16.565000	-1.856122e-09
16.566000	-1.534045e-09
16.567000	-1.115345e-09
16.568000	-1.018722e-09
16.569000	-2.779444e-10
16.570000	3.984176e-10
16.571000	7.527024e-10
