***End_of_Header***
Time	Voltage
60.377000	-3.423598e-09
60.378000	-3.745675e-09
60.379000	-4.711906e-09
60.380000	-4.711906e-09
60.381000	-5.35606e-09
60.382000	-8.254754e-09
60.383000	-4.067752e-09
60.384000	-4.067752e-09
60.385000	-3.745675e-09
60.386000	-3.101521e-09
60.387000	-3.745675e-09
60.388000	-4.711906e-09
60.389000	-4.711906e-09
60.390000	-4.389829e-09
60.391000	-3.745675e-09
60.392000	-3.101521e-09
60.393000	-1.491135e-09
60.394000	-3.101521e-09
60.395000	-1.813212e-09
60.396000	-3.101521e-09
60.397000	-1.813212e-09
60.398000	-2.135289e-09
60.399000	-1.813212e-09
60.400000	-3.101521e-09
60.401000	-3.423598e-09
60.402000	-5.35606e-09
60.403000	-4.711906e-09
60.404000	-4.711906e-09
60.405000	-2.779444e-09
60.406000	-3.101521e-09
60.407000	-3.101521e-09
60.408000	4.413275e-10
60.409000	-1.813212e-09
60.410000	-6.000215e-09
60.411000	-2.457366e-09
60.412000	-1.813212e-09
60.413000	-1.813212e-09
60.414000	-1.813212e-09
60.415000	-4.067752e-09
60.416000	-2.457366e-09
60.417000	-8.469809e-10
60.418000	-5.249038e-10
60.419000	-1.813212e-09
60.420000	-2.457366e-09
60.421000	-2.028267e-10
60.422000	-2.028267e-10
60.423000	-2.457366e-09
60.424000	-3.101521e-09
60.425000	1.192504e-10
60.426000	-2.028267e-10
60.427000	6.936583e-08
60.428000	1.225085e-07
60.429000	1.167112e-07
60.430000	1.060826e-07
60.431000	9.062292e-08
60.432000	8.514761e-08
60.433000	8.09606e-08
60.434000	7.741776e-08
60.435000	7.387491e-08
60.436000	7.033206e-08
60.437000	6.678921e-08
60.438000	6.389052e-08
60.439000	5.777105e-08
60.440000	5.42282e-08
60.441000	5.100743e-08
60.442000	4.649835e-08
60.443000	4.231135e-08
60.444000	3.87685e-08
60.445000	3.715812e-08
60.446000	3.715812e-08
60.447000	3.522565e-08
60.448000	3.264904e-08
60.449000	3.909058e-08
60.450000	3.748019e-08
60.451000	3.715812e-08
60.452000	3.812435e-08
60.453000	4.005681e-08
60.454000	4.424381e-08
60.455000	4.359966e-08
60.456000	4.327758e-08
60.457000	4.553212e-08
60.458000	4.488797e-08
60.459000	4.778666e-08
60.460000	4.778666e-08
60.461000	4.810874e-08
60.462000	4.907497e-08
60.463000	5.261782e-08
60.464000	1.144566e-07
60.465000	2.545602e-07
60.466000	1.302384e-07
60.467000	8.160476e-08
60.468000	6.13139e-08
60.469000	4.971912e-08
60.470000	4.16672e-08
60.471000	3.554773e-08
60.472000	3.007242e-08
60.473000	2.556334e-08
60.474000	2.073218e-08
60.475000	2.073218e-08
60.476000	1.751141e-08
60.477000	1.976595e-08
60.478000	2.105426e-08
60.479000	1.944388e-08
60.480000	1.91218e-08
60.481000	1.847765e-08
60.482000	1.847765e-08
60.483000	1.686726e-08
60.484000	1.91218e-08
60.485000	1.783349e-08
60.486000	1.396857e-08
60.487000	9.137409e-09
60.488000	5.272484e-09
60.489000	3.662099e-09
60.490000	2.051713e-09
60.491000	7.634046e-10
60.492000	7.634046e-10
60.493000	1.407559e-09
60.494000	-2.028267e-10
60.495000	-2.028267e-10
60.496000	-2.135289e-09
60.497000	-2.457366e-09
60.498000	-5.033983e-09
60.499000	-4.067752e-09
60.500000	-6.322292e-09
60.501000	-4.067752e-09
60.502000	-6.000215e-09
60.503000	-6.000215e-09
60.504000	-6.644369e-09
60.505000	-5.678137e-09
60.506000	-5.35606e-09
60.507000	-1.813212e-09
60.508000	-2.779444e-09
60.509000	-1.169058e-09
60.510000	-1.169058e-09
60.511000	-2.457366e-09
60.512000	-2.135289e-09
60.513000	-2.135289e-09
60.514000	-1.491135e-09
60.515000	1.192504e-10
60.516000	7.634046e-10
60.517000	7.634046e-10
60.518000	7.634046e-10
60.519000	-1.813212e-09
60.520000	-2.028267e-10
60.521000	-2.779444e-09
60.522000	-2.779444e-09
60.523000	-3.423598e-09
60.524000	-3.423598e-09
60.525000	-3.745675e-09
60.526000	-1.813212e-09
60.527000	-3.101521e-09
60.528000	-3.745675e-09
60.529000	-2.457366e-09
60.530000	-3.101521e-09
60.531000	-2.779444e-09
60.532000	-2.135289e-09
60.533000	-2.135289e-09
60.534000	-3.101521e-09
60.535000	-3.101521e-09
60.536000	-3.101521e-09
60.537000	-4.067752e-09
60.538000	-4.067752e-09
60.539000	-4.067752e-09
60.540000	-7.288523e-09
60.541000	-2.135289e-09
60.542000	-8.898909e-09
60.543000	-4.389829e-09
60.544000	-4.067752e-09
60.545000	-4.389829e-09
60.546000	-2.135289e-09
60.547000	-7.288523e-09
60.548000	-2.135289e-09
60.549000	-6.644369e-09
60.550000	-4.067752e-09
60.551000	-4.711906e-09
60.552000	-4.389829e-09
60.553000	-1.491135e-09
60.554000	-1.813212e-09
60.555000	-1.813212e-09
60.556000	-2.779444e-09
60.557000	-2.028267e-10
60.558000	-5.249038e-10
60.559000	-1.491135e-09
60.560000	-1.813212e-09
60.561000	-2.457366e-09
60.562000	-2.457366e-09
60.563000	-5.35606e-09
60.564000	-5.35606e-09
60.565000	-4.711906e-09
60.566000	-5.033983e-09
60.567000	-4.067752e-09
60.568000	-2.779444e-09
60.569000	-2.457366e-09
60.570000	-2.779444e-09
60.571000	-2.135289e-09
60.572000	-5.249038e-10
60.573000	-1.491135e-09
60.574000	-2.779444e-09
60.575000	-1.491135e-09
60.576000	-3.745675e-09
60.577000	-5.35606e-09
60.578000	-3.745675e-09
60.579000	-3.101521e-09
60.580000	-2.779444e-09
60.581000	-3.423598e-09
60.582000	-3.745675e-09
60.583000	-4.711906e-09
60.584000	-4.389829e-09
60.585000	-5.35606e-09
60.586000	-3.101521e-09
60.587000	-5.35606e-09
60.588000	-3.745675e-09
60.589000	-4.067752e-09
60.590000	-5.35606e-09
60.591000	-5.35606e-09
60.592000	-4.067752e-09
60.593000	-2.135289e-09
60.594000	-1.491135e-09
60.595000	-1.491135e-09
60.596000	-1.169058e-09
60.597000	-8.469809e-10
60.598000	-1.813212e-09
60.599000	-1.813212e-09
60.600000	-2.457366e-09
60.601000	-2.779444e-09
60.602000	-3.101521e-09
60.603000	-3.745675e-09
60.604000	-4.067752e-09
60.605000	-2.779444e-09
60.606000	-3.423598e-09
60.607000	-2.135289e-09
60.608000	-2.135289e-09
60.609000	-8.469809e-10
60.610000	-2.135289e-09
60.611000	-1.169058e-09
60.612000	1.192504e-10
60.613000	-1.813212e-09
60.614000	-2.135289e-09
60.615000	-1.813212e-09
60.616000	-2.135289e-09
60.617000	-2.457366e-09
60.618000	-3.423598e-09
60.619000	-2.135289e-09
60.620000	-3.423598e-09
60.621000	-4.067752e-09
60.622000	-3.423598e-09
60.623000	-5.033983e-09
60.624000	-4.389829e-09
60.625000	-4.067752e-09
60.626000	-4.067752e-09
60.627000	-6.000215e-09
60.628000	-5.033983e-09
60.629000	-6.966446e-09
60.630000	-5.35606e-09
60.631000	-3.745675e-09
60.632000	-2.779444e-09
60.633000	-2.457366e-09
60.634000	-4.067752e-09
60.635000	-1.491135e-09
60.636000	-3.101521e-09
60.637000	-3.745675e-09
60.638000	-2.779444e-09
60.639000	-3.423598e-09
60.640000	-3.423598e-09
60.641000	-5.678137e-09
60.642000	-4.711906e-09
60.643000	-4.389829e-09
60.644000	-5.35606e-09
60.645000	-3.423598e-09
60.646000	-4.389829e-09
60.647000	-3.745675e-09
60.648000	-1.813212e-09
60.649000	-1.169058e-09
60.650000	-3.101521e-09
60.651000	-2.457366e-09
60.652000	-3.101521e-09
60.653000	-1.813212e-09
60.654000	-8.469809e-10
60.655000	-2.457366e-09
60.656000	-2.457366e-09
60.657000	-1.169058e-09
60.658000	-1.169058e-09
60.659000	-1.813212e-09
60.660000	-3.745675e-09
60.661000	-3.423598e-09
60.662000	-3.101521e-09
60.663000	-6.000215e-09
60.664000	-5.033983e-09
60.665000	-4.711906e-09
60.666000	-4.389829e-09
60.667000	-4.711906e-09
60.668000	-6.000215e-09
60.669000	-2.135289e-09
60.670000	-1.813212e-09
60.671000	-6.966446e-09
60.672000	-2.135289e-09
60.673000	-2.457366e-09
60.674000	-5.249038e-10
60.675000	-1.813212e-09
60.676000	-2.779444e-09
60.677000	-4.389829e-09
60.678000	-5.033983e-09
60.679000	-4.389829e-09
60.680000	-4.067752e-09
60.681000	-4.711906e-09
60.682000	-4.389829e-09
60.683000	-4.067752e-09
60.684000	-5.033983e-09
60.685000	-3.423598e-09
60.686000	-5.35606e-09
60.687000	-6.966446e-09
60.688000	-5.678137e-09
60.689000	-4.389829e-09
60.690000	-5.35606e-09
60.691000	-6.644369e-09
60.692000	-5.033983e-09
60.693000	-2.779444e-09
60.694000	-2.779444e-09
60.695000	-2.135289e-09
60.696000	-3.101521e-09
60.697000	-1.491135e-09
60.698000	1.192504e-10
60.699000	-3.745675e-09
60.700000	-3.101521e-09
60.701000	-6.322292e-09
60.702000	-3.745675e-09
60.703000	-3.745675e-09
60.704000	-4.389829e-09
60.705000	-5.033983e-09
60.706000	-3.101521e-09
60.707000	-1.813212e-09
60.708000	-2.457366e-09
60.709000	-1.813212e-09
60.710000	-1.491135e-09
60.711000	-2.028267e-10
60.712000	-2.028267e-10
60.713000	-2.457366e-09
60.714000	-1.491135e-09
60.715000	-1.491135e-09
60.716000	-3.423598e-09
60.717000	-3.423598e-09
60.718000	-5.033983e-09
60.719000	-2.779444e-09
60.720000	-2.135289e-09
60.721000	-3.423598e-09
60.722000	-2.779444e-09
60.723000	-5.033983e-09
60.724000	-5.033983e-09
60.725000	-5.35606e-09
60.726000	-4.067752e-09
60.727000	-4.389829e-09
60.728000	-6.966446e-09
60.729000	-5.35606e-09
60.730000	-5.678137e-09
60.731000	-5.35606e-09
60.732000	-4.067752e-09
60.733000	-2.135289e-09
60.734000	-5.249038e-10
60.735000	-8.469809e-10
60.736000	-2.779444e-09
60.737000	-3.423598e-09
60.738000	-2.779444e-09
60.739000	-3.745675e-09
60.740000	-2.779444e-09
60.741000	-6.966446e-09
60.742000	-3.745675e-09
60.743000	-5.033983e-09
60.744000	-4.389829e-09
60.745000	-4.067752e-09
60.746000	-4.067752e-09
60.747000	-2.457366e-09
60.748000	-6.000215e-09
60.749000	-2.779444e-09
60.750000	-1.491135e-09
60.751000	-1.491135e-09
60.752000	-3.101521e-09
60.753000	-2.779444e-09
60.754000	-2.135289e-09
60.755000	-2.135289e-09
60.756000	-2.457366e-09
60.757000	-1.491135e-09
60.758000	-1.169058e-09
60.759000	-1.813212e-09
60.760000	-2.457366e-09
60.761000	-6.000215e-09
60.762000	-3.423598e-09
60.763000	-5.033983e-09
60.764000	-4.711906e-09
60.765000	-6.000215e-09
60.766000	-4.389829e-09
60.767000	-6.644369e-09
60.768000	-4.389829e-09
60.769000	-6.644369e-09
60.770000	-4.389829e-09
60.771000	-1.813212e-09
60.772000	-8.469809e-10
60.773000	-2.135289e-09
60.774000	-1.491135e-09
60.775000	-2.135289e-09
60.776000	-4.067752e-09
