***End_of_Header***
Time	Voltage
94.961000	-5.249038e-10
94.962000	-2.135289e-09
94.963000	-3.101521e-09
94.964000	-5.35606e-09
94.965000	-4.711906e-09
94.966000	-4.067752e-09
94.967000	-2.135289e-09
94.968000	-1.491135e-09
94.969000	-3.423598e-09
94.970000	-3.101521e-09
94.971000	-4.389829e-09
94.972000	-2.779444e-09
94.973000	-4.389829e-09
94.974000	-1.813212e-09
94.975000	-1.813212e-09
94.976000	-1.491135e-09
94.977000	-1.169058e-09
94.978000	-2.457366e-09
94.979000	-1.491135e-09
94.980000	-2.457366e-09
94.981000	-4.067752e-09
94.982000	-7.288523e-09
94.983000	-3.745675e-09
94.984000	-5.678137e-09
94.985000	-3.423598e-09
94.986000	-4.067752e-09
94.987000	-2.457366e-09
94.988000	1.192504e-10
94.989000	-1.169058e-09
94.990000	-1.491135e-09
94.991000	-3.101521e-09
94.992000	-4.067752e-09
94.993000	-2.135289e-09
94.994000	-8.469809e-10
94.995000	-1.491135e-09
94.996000	-8.469809e-10
94.997000	1.192504e-10
94.998000	-1.491135e-09
94.999000	-1.813212e-09
95.000000	-2.779444e-09
95.001000	-2.457366e-09
95.002000	-4.711906e-09
95.003000	-3.423598e-09
95.004000	-5.35606e-09
95.005000	-4.711906e-09
95.006000	-3.745675e-09
95.007000	-1.813212e-09
95.008000	1.192504e-10
95.009000	-2.028267e-10
95.010000	4.413275e-10
95.011000	7.67736e-08
95.012000	1.260514e-07
95.013000	8.80463e-08
95.014000	7.226452e-08
95.015000	5.42282e-08
95.016000	4.843082e-08
95.017000	4.424381e-08
95.018000	4.005681e-08
95.019000	4.16672e-08
95.020000	3.45815e-08
95.021000	2.234257e-08
95.022000	1.106987e-08
95.023000	7.204947e-09
95.024000	1.364649e-08
95.025000	1.590103e-08
95.026000	2.041011e-08
95.027000	1.91218e-08
95.028000	1.590103e-08
95.029000	1.654518e-08
95.030000	1.590103e-08
95.031000	1.49348e-08
95.032000	1.622311e-08
95.033000	1.590103e-08
95.034000	1.686726e-08
95.035000	1.364649e-08
95.036000	1.429064e-08
95.037000	1.010364e-08
95.038000	1.074779e-08
95.039000	1.074779e-08
95.040000	1.139195e-08
95.041000	1.268026e-08
95.042000	1.20361e-08
95.043000	1.074779e-08
95.044000	9.459486e-09
95.045000	8.815332e-09
95.046000	7.849101e-09
95.047000	2.695867e-09
95.048000	6.560792e-09
95.049000	6.88287e-09
95.050000	-2.779444e-09
95.051000	3.662099e-09
95.052000	7.849101e-09
95.053000	5.272484e-09
95.054000	6.238715e-09
95.055000	5.272484e-09
95.056000	1.085482e-09
95.057000	1.729636e-09
95.058000	1.407559e-09
95.059000	3.984176e-09
95.060000	3.984176e-09
95.061000	2.051713e-09
95.062000	5.272484e-09
95.063000	5.916638e-09
95.064000	5.272484e-09
95.065000	5.916638e-09
95.066000	4.62833e-09
95.067000	4.306253e-09
95.068000	4.950407e-09
95.069000	4.950407e-09
95.070000	5.594561e-09
95.071000	6.88287e-09
95.072000	7.527024e-09
95.073000	8.171178e-09
95.074000	1.010364e-08
95.075000	9.459486e-09
95.076000	8.815332e-09
95.077000	6.88287e-09
95.078000	4.62833e-09
95.079000	4.950407e-09
95.080000	7.527024e-09
95.081000	8.815332e-09
95.082000	9.137409e-09
95.083000	8.815332e-09
95.084000	7.849101e-09
95.085000	6.238715e-09
95.086000	7.527024e-09
95.087000	7.204947e-09
95.088000	1.396857e-08
95.089000	1.525687e-08
95.090000	1.461272e-08
95.091000	1.525687e-08
95.092000	1.396857e-08
95.093000	1.429064e-08
95.094000	1.364649e-08
95.095000	1.364649e-08
95.096000	7.204947e-09
95.097000	1.590103e-08
95.098000	1.654518e-08
95.099000	1.654518e-08
95.100000	1.879972e-08
95.101000	1.783349e-08
95.102000	1.783349e-08
95.103000	2.008803e-08
95.104000	2.008803e-08
95.105000	2.137634e-08
95.106000	1.976595e-08
95.107000	2.62075e-08
95.108000	2.588542e-08
95.109000	3.03945e-08
95.110000	3.03945e-08
95.111000	3.490358e-08
95.112000	2.716302e-07
95.113000	1.260514e-07
95.114000	5.841521e-08
95.115000	2.74958e-08
95.116000	2.041011e-08
95.117000	1.49348e-08
95.118000	1.268026e-08
95.119000	1.235818e-08
95.120000	1.396857e-08
95.121000	1.429064e-08
95.122000	1.49348e-08
95.123000	1.622311e-08
95.124000	1.590103e-08
95.125000	1.944388e-08
95.126000	1.622311e-08
95.127000	1.751141e-08
95.128000	1.622311e-08
95.129000	1.461272e-08
95.130000	1.396857e-08
95.131000	1.139195e-08
95.132000	9.459486e-09
95.133000	1.106987e-08
95.134000	1.20361e-08
95.135000	1.074779e-08
95.136000	1.106987e-08
95.137000	1.010364e-08
95.138000	9.781563e-09
95.139000	8.815332e-09
95.140000	7.204947e-09
95.141000	5.272484e-09
95.142000	3.984176e-09
95.143000	4.62833e-09
95.144000	3.017944e-09
95.145000	3.662099e-09
95.146000	1.407559e-09
95.147000	4.306253e-09
95.148000	5.272484e-09
95.149000	2.695867e-09
95.150000	1.085482e-09
95.151000	-2.779444e-09
95.152000	-4.711906e-09
95.153000	-3.101521e-09
95.154000	-1.813212e-09
95.155000	-1.491135e-09
95.156000	-5.249038e-10
95.157000	-1.491135e-09
95.158000	-5.35606e-09
95.159000	-5.033983e-09
95.160000	-4.711906e-09
95.161000	-4.067752e-09
95.162000	-4.711906e-09
95.163000	-4.711906e-09
95.164000	-5.033983e-09
95.165000	-3.101521e-09
95.166000	-5.35606e-09
95.167000	-4.389829e-09
95.168000	-3.101521e-09
95.169000	-4.067752e-09
95.170000	-1.813212e-09
95.171000	-1.169058e-09
95.172000	-2.028267e-10
95.173000	-1.169058e-09
95.174000	-1.491135e-09
95.175000	-8.469809e-10
95.176000	-1.491135e-09
95.177000	-8.898909e-09
95.178000	-5.678137e-09
95.179000	-5.678137e-09
95.180000	-3.745675e-09
95.181000	-2.135289e-09
95.182000	-1.813212e-09
95.183000	-3.745675e-09
95.184000	-5.35606e-09
95.185000	-3.745675e-09
95.186000	-5.678137e-09
95.187000	-5.678137e-09
95.188000	-4.711906e-09
95.189000	-3.101521e-09
95.190000	-4.389829e-09
95.191000	-4.067752e-09
95.192000	-2.779444e-09
95.193000	-3.423598e-09
95.194000	-1.491135e-09
95.195000	-2.135289e-09
95.196000	-2.457366e-09
95.197000	-5.678137e-09
95.198000	-4.711906e-09
95.199000	-4.711906e-09
95.200000	-4.711906e-09
95.201000	-1.813212e-09
95.202000	-1.491135e-09
95.203000	-4.389829e-09
95.204000	-5.35606e-09
95.205000	-4.711906e-09
95.206000	-5.35606e-09
95.207000	-6.966446e-09
95.208000	-6.644369e-09
95.209000	-3.101521e-09
95.210000	-2.779444e-09
95.211000	-2.135289e-09
95.212000	-1.169058e-09
95.213000	-1.169058e-09
95.214000	-2.779444e-09
95.215000	-1.813212e-09
95.216000	-2.779444e-09
95.217000	-4.389829e-09
95.218000	-1.169058e-09
95.219000	-1.491135e-09
95.220000	-3.745675e-09
95.221000	-2.779444e-09
95.222000	-2.028267e-10
95.223000	-1.491135e-09
95.224000	-4.711906e-09
95.225000	-4.711906e-09
95.226000	-4.711906e-09
95.227000	-5.033983e-09
95.228000	-2.135289e-09
95.229000	-2.779444e-09
95.230000	-1.813212e-09
95.231000	-1.813212e-09
95.232000	-1.813212e-09
95.233000	-1.491135e-09
95.234000	-1.813212e-09
95.235000	-4.711906e-09
95.236000	-3.101521e-09
95.237000	-3.101521e-09
95.238000	-4.067752e-09
95.239000	-2.457366e-09
95.240000	-4.067752e-09
95.241000	-3.745675e-09
95.242000	-3.101521e-09
95.243000	-4.389829e-09
95.244000	-4.067752e-09
95.245000	-4.067752e-09
95.246000	-6.644369e-09
95.247000	-4.711906e-09
95.248000	-6.000215e-09
95.249000	-3.745675e-09
95.250000	-5.678137e-09
95.251000	-3.423598e-09
95.252000	-4.389829e-09
95.253000	-3.423598e-09
95.254000	-8.469809e-10
95.255000	-1.491135e-09
95.256000	-1.169058e-09
95.257000	-4.389829e-09
95.258000	-5.35606e-09
95.259000	-6.000215e-09
95.260000	-5.678137e-09
95.261000	-4.389829e-09
95.262000	-5.35606e-09
95.263000	-4.711906e-09
95.264000	-5.033983e-09
95.265000	-4.389829e-09
95.266000	-5.033983e-09
95.267000	-6.000215e-09
95.268000	-6.966446e-09
95.269000	-4.711906e-09
95.270000	-5.35606e-09
95.271000	-3.423598e-09
95.272000	-2.135289e-09
95.273000	-2.779444e-09
95.274000	-8.469809e-10
95.275000	-1.813212e-09
95.276000	-2.135289e-09
95.277000	-2.779444e-09
95.278000	-6.322292e-09
95.279000	-4.389829e-09
95.280000	-4.711906e-09
95.281000	-5.678137e-09
95.282000	-4.389829e-09
95.283000	-5.033983e-09
95.284000	-4.067752e-09
95.285000	-5.35606e-09
95.286000	-8.254754e-09
95.287000	-5.35606e-09
95.288000	-5.678137e-09
95.289000	-6.644369e-09
95.290000	-4.711906e-09
95.291000	-4.711906e-09
95.292000	-3.423598e-09
95.293000	-5.033983e-09
95.294000	-1.813212e-09
95.295000	-2.135289e-09
95.296000	-8.469809e-10
95.297000	-2.028267e-10
95.298000	-5.35606e-09
95.299000	-6.322292e-09
95.300000	-5.678137e-09
95.301000	-5.35606e-09
95.302000	-5.033983e-09
95.303000	-5.033983e-09
95.304000	-5.678137e-09
95.305000	-6.322292e-09
95.306000	-3.745675e-09
95.307000	-4.067752e-09
95.308000	-3.745675e-09
95.309000	-5.678137e-09
95.310000	-3.423598e-09
95.311000	-6.322292e-09
95.312000	-3.745675e-09
95.313000	-3.423598e-09
95.314000	-1.491135e-09
95.315000	-8.469809e-10
95.316000	-5.249038e-10
95.317000	-1.491135e-09
95.318000	-3.423598e-09
95.319000	-2.135289e-09
95.320000	-3.745675e-09
95.321000	-4.067752e-09
95.322000	-5.678137e-09
95.323000	-3.745675e-09
95.324000	-4.711906e-09
95.325000	-4.711906e-09
95.326000	-4.067752e-09
95.327000	-1.813212e-09
95.328000	-2.135289e-09
95.329000	-4.067752e-09
95.330000	-3.745675e-09
95.331000	-4.711906e-09
95.332000	-6.644369e-09
95.333000	-3.745675e-09
95.334000	-2.457366e-09
95.335000	-1.491135e-09
95.336000	-1.169058e-09
95.337000	-5.249038e-10
95.338000	-1.169058e-09
95.339000	-1.491135e-09
95.340000	-2.135289e-09
95.341000	-4.711906e-09
95.342000	-3.745675e-09
95.343000	-3.745675e-09
95.344000	-5.033983e-09
95.345000	-4.389829e-09
95.346000	-4.067752e-09
95.347000	-4.067752e-09
95.348000	-1.491135e-09
95.349000	-8.469809e-10
95.350000	-3.745675e-09
95.351000	-2.135289e-09
95.352000	-2.457366e-09
95.353000	-2.028267e-10
95.354000	-3.101521e-09
95.355000	-1.813212e-09
95.356000	-1.813212e-09
95.357000	-1.813212e-09
95.358000	-1.813212e-09
95.359000	-2.028267e-10
95.360000	-2.028267e-10
