***End_of_Header***
Time	Voltage
11.546000	-1.491135e-09
11.547000	-5.35606e-09
11.548000	-5.35606e-09
11.549000	-4.389829e-09
11.550000	-4.711906e-09
11.551000	-3.745675e-09
11.552000	-8.898909e-09
11.553000	-2.457366e-09
11.554000	-2.135289e-09
11.555000	-3.745675e-09
11.556000	-5.678137e-09
11.557000	-2.457366e-09
11.558000	-3.745675e-09
11.559000	-2.457366e-09
11.560000	-1.813212e-09
11.561000	-4.711906e-09
11.562000	-2.135289e-09
11.563000	-3.745675e-09
11.564000	-4.389829e-09
11.565000	-3.745675e-09
11.566000	-3.423598e-09
11.567000	-1.169058e-09
11.568000	-8.469809e-10
11.569000	-2.457366e-09
11.570000	-3.745675e-09
11.571000	-4.389829e-09
11.572000	-3.745675e-09
11.573000	-2.457366e-09
11.574000	-2.135289e-09
11.575000	-3.101521e-09
11.576000	-1.169058e-09
11.577000	-2.779444e-09
11.578000	-5.35606e-09
11.579000	-4.711906e-09
11.580000	-5.35606e-09
11.581000	-5.35606e-09
11.582000	-3.423598e-09
11.583000	-3.101521e-09
11.584000	-5.033983e-09
11.585000	-3.101521e-09
11.586000	-4.389829e-09
11.587000	-5.35606e-09
11.588000	-3.745675e-09
11.589000	-4.711906e-09
11.590000	-8.469809e-10
11.591000	-8.469809e-10
11.592000	-1.813212e-09
11.593000	-1.169058e-09
11.594000	-5.249038e-10
11.595000	2.781788e-08
11.596000	2.535939e-07
11.597000	1.87246e-07
11.598000	1.418332e-07
11.599000	1.179995e-07
11.600000	9.770861e-08
11.601000	8.321514e-08
11.602000	7.25866e-08
11.603000	6.292429e-08
11.604000	5.487236e-08
11.605000	4.778666e-08
11.606000	4.037889e-08
11.607000	3.780227e-08
11.608000	4.16672e-08
11.609000	4.521004e-08
11.610000	4.617628e-08
11.611000	5.261782e-08
11.612000	5.29399e-08
11.613000	1.762954e-07
11.614000	1.502072e-07
11.615000	1.212202e-07
11.616000	1.128462e-07
11.617000	1.141345e-07
11.618000	1.109138e-07
11.619000	1.083372e-07
11.620000	1.080151e-07
11.621000	1.006073e-07
11.622000	9.674238e-08
11.623000	9.030084e-08
11.624000	8.38593e-08
11.625000	7.870606e-08
11.626000	7.580737e-08
11.627000	6.936583e-08
11.628000	5.970351e-08
11.629000	5.00412e-08
11.630000	4.327758e-08
11.631000	3.425942e-08
11.632000	2.975034e-08
11.633000	2.813996e-08
11.634000	2.395296e-08
11.635000	2.008803e-08
11.636000	1.654518e-08
11.637000	1.654518e-08
11.638000	1.429064e-08
11.639000	1.429064e-08
11.640000	1.557895e-08
11.641000	1.364649e-08
11.642000	1.461272e-08
11.643000	1.525687e-08
11.644000	1.235818e-08
11.645000	1.461272e-08
11.646000	1.396857e-08
11.647000	1.042572e-08
11.648000	6.560792e-09
11.649000	5.916638e-09
11.650000	4.950407e-09
11.651000	1.407559e-09
11.652000	1.407559e-09
11.653000	3.017944e-09
11.654000	-5.249038e-10
11.655000	-3.423598e-09
11.656000	-2.135289e-09
11.657000	-2.779444e-09
11.658000	-7.6106e-09
11.659000	-5.35606e-09
11.660000	-6.000215e-09
11.661000	-6.322292e-09
11.662000	-5.033983e-09
11.663000	-5.033983e-09
11.664000	-4.711906e-09
11.665000	-3.101521e-09
11.666000	-3.745675e-09
11.667000	-6.644369e-09
11.668000	-6.644369e-09
11.669000	-6.322292e-09
11.670000	-6.000215e-09
11.671000	-5.35606e-09
11.672000	-6.322292e-09
11.673000	-3.423598e-09
11.674000	-2.457366e-09
11.675000	-3.745675e-09
11.676000	-4.711906e-09
11.677000	-5.033983e-09
11.678000	-2.457366e-09
11.679000	-1.491135e-09
11.680000	-1.491135e-09
11.681000	-8.469809e-10
11.682000	-1.491135e-09
11.683000	-2.135289e-09
11.684000	-4.389829e-09
11.685000	-3.745675e-09
11.686000	-3.745675e-09
11.687000	-2.457366e-09
11.688000	-1.813212e-09
11.689000	-1.169058e-09
11.690000	-1.169058e-09
11.691000	-5.678137e-09
11.692000	-1.813212e-09
11.693000	-2.457366e-09
11.694000	-2.779444e-09
11.695000	-2.135289e-09
11.696000	-1.813212e-09
11.697000	1.192504e-10
11.698000	-5.249038e-10
11.699000	-2.135289e-09
11.700000	-1.169058e-09
11.701000	-3.423598e-09
11.702000	-1.813212e-09
11.703000	-3.745675e-09
11.704000	-4.067752e-09
11.705000	-3.423598e-09
11.706000	-3.745675e-09
11.707000	-5.249038e-10
11.708000	-1.813212e-09
11.709000	-1.491135e-09
11.710000	-2.457366e-09
11.711000	-4.067752e-09
11.712000	-3.101521e-09
11.713000	-3.423598e-09
11.714000	-2.779444e-09
11.715000	-2.135289e-09
11.716000	-8.469809e-10
11.717000	-3.101521e-09
11.718000	-4.711906e-09
11.719000	-5.033983e-09
11.720000	-4.711906e-09
11.721000	-5.033983e-09
11.722000	-3.745675e-09
11.723000	-3.423598e-09
11.724000	-3.101521e-09
11.725000	-2.779444e-09
11.726000	-5.033983e-09
11.727000	-4.711906e-09
11.728000	-6.644369e-09
11.729000	-4.711906e-09
11.730000	-5.678137e-09
11.731000	-4.067752e-09
11.732000	-6.966446e-09
11.733000	-2.457366e-09
11.734000	-2.135289e-09
11.735000	-2.135289e-09
11.736000	-5.033983e-09
11.737000	-6.322292e-09
11.738000	-6.000215e-09
11.739000	-5.678137e-09
11.740000	-4.711906e-09
11.741000	-3.101521e-09
11.742000	-4.711906e-09
11.743000	-5.678137e-09
11.744000	-4.389829e-09
11.745000	-4.711906e-09
11.746000	-6.966446e-09
11.747000	-5.033983e-09
11.748000	-4.711906e-09
11.749000	-2.457366e-09
11.750000	-2.457366e-09
11.751000	-2.135289e-09
11.752000	-3.423598e-09
11.753000	-1.813212e-09
11.754000	-3.423598e-09
11.755000	-3.745675e-09
11.756000	-5.033983e-09
11.757000	-5.35606e-09
11.758000	-4.389829e-09
11.759000	-3.423598e-09
11.760000	-4.067752e-09
11.761000	-2.779444e-09
11.762000	-3.101521e-09
11.763000	-3.423598e-09
11.764000	-4.067752e-09
11.765000	-3.101521e-09
11.766000	-5.678137e-09
11.767000	-6.644369e-09
11.768000	-6.644369e-09
11.769000	-4.389829e-09
11.770000	-5.033983e-09
11.771000	-4.067752e-09
11.772000	-3.101521e-09
11.773000	-2.135289e-09
11.774000	-2.457366e-09
11.775000	-2.135289e-09
11.776000	-5.678137e-09
11.777000	-4.711906e-09
11.778000	4.413275e-10
11.779000	1.192504e-10
11.780000	-2.457366e-09
11.781000	-2.779444e-09
11.782000	-2.135289e-09
11.783000	-4.067752e-09
11.784000	-4.389829e-09
11.785000	-5.033983e-09
11.786000	-2.457366e-09
11.787000	4.413275e-10
11.788000	-1.813212e-09
11.789000	-5.033983e-09
11.790000	-2.457366e-09
11.791000	-2.135289e-09
11.792000	-3.101521e-09
11.793000	-2.135289e-09
11.794000	-2.457366e-09
11.795000	-1.491135e-09
11.796000	-1.491135e-09
11.797000	1.192504e-10
11.798000	1.192504e-10
11.799000	-2.457366e-09
11.800000	-2.779444e-09
11.801000	-3.101521e-09
11.802000	-2.779444e-09
11.803000	-3.745675e-09
11.804000	-4.067752e-09
11.805000	-3.101521e-09
11.806000	-1.813212e-09
11.807000	-5.033983e-09
11.808000	-6.322292e-09
11.809000	-6.644369e-09
11.810000	-6.966446e-09
11.811000	-6.322292e-09
11.812000	-5.678137e-09
11.813000	-3.101521e-09
11.814000	-2.779444e-09
11.815000	-2.135289e-09
11.816000	-5.35606e-09
11.817000	-5.033983e-09
11.818000	-2.135289e-09
11.819000	-1.813212e-09
11.820000	-1.169058e-09
11.821000	-3.423598e-09
11.822000	-2.779444e-09
11.823000	-3.101521e-09
11.824000	-4.067752e-09
11.825000	-4.711906e-09
11.826000	-5.35606e-09
11.827000	-3.745675e-09
11.828000	-5.033983e-09
11.829000	-8.469809e-10
11.830000	-2.457366e-09
11.831000	-1.169058e-09
11.832000	-8.469809e-10
11.833000	-1.491135e-09
11.834000	-1.813212e-09
11.835000	-3.745675e-09
11.836000	-5.033983e-09
11.837000	-5.678137e-09
11.838000	-4.711906e-09
11.839000	-3.745675e-09
11.840000	-4.389829e-09
11.841000	-4.389829e-09
11.842000	-3.101521e-09
11.843000	-5.35606e-09
11.844000	-4.389829e-09
11.845000	-5.033983e-09
