***End_of_Header***
Time	Voltage
14.024000	-5.678137e-09
14.025000	1.407559e-09
14.026000	4.413275e-10
14.027000	-2.779444e-09
14.028000	-8.469809e-10
14.029000	-1.169058e-09
14.030000	-2.457366e-09
14.031000	-4.711906e-09
14.032000	-3.745675e-09
14.033000	-3.423598e-09
14.034000	-3.101521e-09
14.035000	-3.101521e-09
14.036000	-1.813212e-09
14.037000	-2.457366e-09
14.038000	-2.135289e-09
14.039000	-5.35606e-09
14.040000	-5.033983e-09
14.041000	-1.813212e-09
14.042000	-8.469809e-10
14.043000	1.192504e-10
14.044000	-1.813212e-09
14.045000	-5.35606e-09
14.046000	-6.322292e-09
14.047000	-8.254754e-09
14.048000	-6.322292e-09
14.049000	-2.457366e-09
14.050000	-3.745675e-09
14.051000	-5.033983e-09
14.052000	-4.711906e-09
14.053000	-5.678137e-09
14.054000	-8.254754e-09
14.055000	-4.711906e-09
14.056000	-3.423598e-09
14.057000	-2.457366e-09
14.058000	-1.169058e-09
14.059000	4.413275e-10
14.060000	-1.813212e-09
14.061000	-2.135289e-09
14.062000	-2.457366e-09
14.063000	-1.813212e-09
14.064000	-3.745675e-09
14.065000	-3.101521e-09
14.066000	-1.813212e-09
14.067000	1.085482e-09
14.068000	2.051713e-09
14.069000	-8.469809e-10
14.070000	-1.169058e-09
14.071000	-2.457366e-09
14.072000	-2.779444e-09
14.073000	1.729636e-09
14.074000	9.9319e-08
14.075000	1.064047e-07
14.076000	6.743336e-08
14.077000	3.03945e-08
14.078000	2.169842e-08
14.079000	2.169842e-08
14.080000	2.74958e-08
14.081000	2.524126e-08
14.082000	2.266465e-08
14.083000	2.073218e-08
14.084000	2.073218e-08
14.085000	1.815557e-08
14.086000	1.332441e-08
14.087000	6.560792e-09
14.088000	4.306253e-09
14.089000	4.306253e-09
14.090000	5.594561e-09
14.091000	6.88287e-09
14.092000	5.594561e-09
14.093000	5.272484e-09
14.094000	5.594561e-09
14.095000	5.272484e-09
14.096000	9.137409e-09
14.097000	1.010364e-08
14.098000	1.074779e-08
14.099000	1.364649e-08
14.100000	1.235818e-08
14.101000	9.781563e-09
14.102000	1.364649e-08
14.103000	1.042572e-08
14.104000	1.20361e-08
14.105000	1.20361e-08
14.106000	1.042572e-08
14.107000	1.268026e-08
14.108000	1.235818e-08
14.109000	1.042572e-08
14.110000	8.815332e-09
14.111000	8.493255e-09
14.112000	1.042572e-08
14.113000	9.781563e-09
14.114000	9.459486e-09
14.115000	9.781563e-09
14.116000	1.429064e-08
14.117000	9.781563e-09
14.118000	7.527024e-09
14.119000	5.594561e-09
14.120000	7.849101e-09
14.121000	9.137409e-09
14.122000	8.171178e-09
14.123000	9.137409e-09
14.124000	1.171403e-08
14.125000	1.364649e-08
14.126000	9.459486e-09
14.127000	1.010364e-08
14.128000	7.527024e-09
14.129000	1.106987e-08
14.130000	1.074779e-08
14.131000	1.106987e-08
14.132000	1.139195e-08
14.133000	1.396857e-08
14.134000	1.364649e-08
14.135000	1.268026e-08
14.136000	1.235818e-08
14.137000	1.461272e-08
14.138000	1.622311e-08
14.139000	1.879972e-08
14.140000	1.91218e-08
14.141000	2.363088e-08
14.142000	2.62075e-08
14.143000	2.717373e-08
14.144000	3.361527e-08
14.145000	2.191317e-07
14.146000	1.022177e-07
14.147000	5.616067e-08
14.148000	3.780227e-08
14.149000	3.425942e-08
14.150000	3.103865e-08
14.151000	2.813996e-08
14.152000	2.652957e-08
14.153000	2.491919e-08
14.154000	2.491919e-08
14.155000	3.007242e-08
14.156000	2.975034e-08
14.157000	2.427503e-08
14.158000	2.363088e-08
14.159000	2.395296e-08
14.160000	2.459711e-08
14.161000	2.363088e-08
14.162000	2.266465e-08
14.163000	2.234257e-08
14.164000	2.202049e-08
14.165000	1.783349e-08
14.166000	1.461272e-08
14.167000	9.459486e-09
14.168000	8.815332e-09
14.169000	5.594561e-09
14.170000	3.662099e-09
14.171000	2.37379e-09
14.172000	1.407559e-09
14.173000	7.634046e-10
14.174000	-1.813212e-09
14.175000	-4.389829e-09
14.176000	-5.35606e-09
14.177000	-4.067752e-09
14.178000	-6.966446e-09
14.179000	-4.711906e-09
14.180000	1.192504e-10
14.181000	-2.457366e-09
14.182000	-2.779444e-09
14.183000	-2.028267e-10
14.184000	-3.101521e-09
14.185000	-4.711906e-09
14.186000	-4.711906e-09
14.187000	-2.135289e-09
14.188000	-1.491135e-09
14.189000	-3.745675e-09
14.190000	-4.067752e-09
14.191000	-4.389829e-09
14.192000	-3.745675e-09
14.193000	-5.033983e-09
14.194000	-3.745675e-09
14.195000	-4.067752e-09
14.196000	-3.423598e-09
14.197000	-2.135289e-09
14.198000	-3.745675e-09
14.199000	-2.028267e-10
14.200000	1.192504e-10
14.201000	-5.249038e-10
14.202000	-1.813212e-09
14.203000	-4.067752e-09
14.204000	-3.101521e-09
14.205000	-2.135289e-09
14.206000	-2.779444e-09
14.207000	1.085482e-09
14.208000	4.413275e-10
14.209000	-1.813212e-09
14.210000	-4.389829e-09
14.211000	-4.389829e-09
14.212000	-4.711906e-09
14.213000	-4.711906e-09
14.214000	-3.101521e-09
14.215000	-5.249038e-10
14.216000	-1.491135e-09
14.217000	-2.779444e-09
14.218000	-6.322292e-09
14.219000	-4.389829e-09
14.220000	-5.35606e-09
14.221000	-1.813212e-09
14.222000	-3.101521e-09
14.223000	-1.491135e-09
14.224000	4.413275e-10
14.225000	-2.135289e-09
14.226000	-2.457366e-09
14.227000	-2.457366e-09
14.228000	-2.457366e-09
14.229000	-6.966446e-09
14.230000	-6.000215e-09
14.231000	-5.35606e-09
14.232000	-1.491135e-09
14.233000	-3.745675e-09
14.234000	-1.813212e-09
14.235000	-6.000215e-09
14.236000	-6.322292e-09
14.237000	-6.000215e-09
14.238000	-6.322292e-09
14.239000	-3.101521e-09
14.240000	-2.779444e-09
14.241000	-3.101521e-09
14.242000	-2.135289e-09
14.243000	-3.101521e-09
14.244000	-4.711906e-09
14.245000	-5.678137e-09
14.246000	-5.033983e-09
14.247000	-2.457366e-09
14.248000	-3.423598e-09
14.249000	-3.101521e-09
14.250000	-4.067752e-09
14.251000	-3.101521e-09
14.252000	-4.711906e-09
14.253000	-4.711906e-09
14.254000	-6.000215e-09
14.255000	-4.067752e-09
14.256000	-3.745675e-09
14.257000	-1.813212e-09
14.258000	-3.745675e-09
14.259000	-1.169058e-09
14.260000	-3.101521e-09
14.261000	-4.067752e-09
14.262000	-2.779444e-09
14.263000	-3.423598e-09
14.264000	-2.135289e-09
14.265000	-1.491135e-09
14.266000	-8.469809e-10
14.267000	4.413275e-10
14.268000	-8.469809e-10
14.269000	-2.779444e-09
14.270000	-3.745675e-09
14.271000	-1.813212e-09
14.272000	-4.389829e-09
14.273000	-4.067752e-09
14.274000	-2.457366e-09
14.275000	-5.249038e-10
14.276000	-1.813212e-09
14.277000	-3.745675e-09
14.278000	-8.469809e-10
14.279000	-1.491135e-09
14.280000	-2.135289e-09
14.281000	-2.779444e-09
14.282000	-8.469809e-10
14.283000	-3.101521e-09
14.284000	-1.813212e-09
14.285000	-8.469809e-10
14.286000	-2.028267e-10
14.287000	-3.101521e-09
14.288000	-2.779444e-09
14.289000	-6.966446e-09
14.290000	-5.678137e-09
14.291000	-6.000215e-09
14.292000	-6.644369e-09
14.293000	-3.101521e-09
14.294000	-1.491135e-09
14.295000	-3.745675e-09
14.296000	-6.322292e-09
14.297000	-7.288523e-09
14.298000	-5.678137e-09
14.299000	-5.35606e-09
14.300000	-6.322292e-09
14.301000	-8.469809e-10
14.302000	-1.169058e-09
14.303000	-3.101521e-09
14.304000	-4.711906e-09
14.305000	-5.678137e-09
14.306000	-4.067752e-09
14.307000	-3.745675e-09
14.308000	-8.898909e-09
14.309000	-6.322292e-09
14.310000	-3.745675e-09
14.311000	-6.966446e-09
14.312000	-5.35606e-09
14.313000	-2.779444e-09
14.314000	-5.35606e-09
14.315000	-5.678137e-09
14.316000	-3.101521e-09
14.317000	-1.491135e-09
14.318000	-1.813212e-09
14.319000	-2.135289e-09
14.320000	-1.491135e-09
14.321000	4.413275e-10
14.322000	-2.028267e-10
14.323000	-4.389829e-09
