***End_of_Header***
Time	Voltage
2.104000	-2.779444e-10
2.105000	-4.067752e-10
2.106000	-2.457366e-10
2.107000	-8.469809e-11
2.108000	-5.249038e-11
2.109000	1.192504e-11
2.110000	-1.491135e-10
2.111000	-1.169058e-10
2.112000	-2.457366e-10
2.113000	-8.469809e-11
2.114000	-2.135289e-10
2.115000	-2.779444e-10
2.116000	-4.067752e-10
2.117000	-4.711906e-10
2.118000	-5.678137e-10
2.119000	-5.35606e-10
2.120000	-5.033983e-10
2.121000	-9.220986e-10
2.122000	-5.033983e-10
2.123000	-5.35606e-10
2.124000	-2.779444e-10
2.125000	-2.457366e-10
2.126000	-1.813212e-10
2.127000	1.085482e-10
2.128000	7.634046e-11
2.129000	4.413275e-11
2.130000	4.413275e-11
2.131000	-1.813212e-10
2.132000	-1.169058e-10
2.133000	-1.813212e-10
2.134000	-3.423598e-10
2.135000	-3.423598e-10
2.136000	-7.288523e-10
2.137000	-5.678137e-10
2.138000	-5.678137e-10
2.139000	-6.322292e-10
2.140000	-5.678137e-10
2.141000	-5.35606e-10
2.142000	-4.389829e-10
2.143000	-3.745675e-10
2.144000	-3.745675e-10
2.145000	-3.101521e-10
2.146000	-2.457366e-10
2.147000	1.192504e-11
2.148000	1.729636e-10
2.149000	1.407559e-10
2.150000	1.407559e-10
2.151000	2.051713e-10
2.152000	1.407559e-10
2.153000	2.37379e-10
2.154000	3.437755e-08
2.155000	5.267153e-08
2.156000	5.695516e-08
2.157000	5.479724e-08
2.158000	4.948297e-08
2.159000	4.317026e-08
2.160000	3.656768e-08
2.161000	3.315366e-08
2.162000	3.060925e-08
2.163000	2.928873e-08
2.164000	2.774276e-08
2.165000	2.477965e-08
2.166000	2.477965e-08
2.167000	2.474745e-08
2.168000	2.403888e-08
2.169000	2.442537e-08
2.170000	2.555264e-08
2.171000	2.751731e-08
2.172000	2.99973e-08
2.173000	3.221964e-08
2.174000	3.37334e-08
2.175000	3.521495e-08
2.176000	3.611677e-08
2.177000	3.66643e-08
2.178000	3.669651e-08
2.179000	3.659988e-08
2.180000	3.592352e-08
2.181000	3.460301e-08
2.182000	3.286379e-08
2.183000	3.089912e-08
2.184000	2.95786e-08
2.185000	2.854796e-08
2.186000	2.771056e-08
2.187000	2.703419e-08
2.188000	2.639004e-08
2.189000	2.552043e-08
2.190000	2.45542e-08
2.191000	2.32981e-08
2.192000	2.194538e-08
2.193000	2.075369e-08
2.194000	1.959421e-08
2.195000	1.859577e-08
2.196000	1.766175e-08
2.197000	1.682435e-08
2.198000	8.933461e-09
2.199000	6.13139e-09
2.200000	8.418137e-09
2.201000	1.183215e-08
2.202000	1.408669e-08
2.203000	1.379683e-08
2.204000	1.308826e-08
2.205000	1.212202e-08
2.206000	1.163891e-08
2.207000	1.112359e-08
2.208000	1.002852e-08
2.209000	8.836838e-09
2.210000	7.741776e-09
2.211000	6.646713e-09
2.212000	5.809313e-09
2.213000	5.42282e-09
2.214000	4.843082e-09
2.215000	4.682043e-09
2.216000	4.102304e-09
2.217000	4.359966e-09
2.218000	3.941266e-09
2.219000	4.005681e-09
2.220000	3.812435e-09
2.221000	3.683604e-09
2.222000	3.490358e-09
2.223000	3.168281e-09
2.224000	3.200488e-09
2.225000	3.103865e-09
2.226000	3.425942e-09
2.227000	3.522565e-09
2.228000	3.619189e-09
2.229000	3.425942e-09
2.230000	3.425942e-09
2.231000	3.168281e-09
2.232000	3.071658e-09
2.233000	3.03945e-09
2.234000	2.652957e-09
2.235000	2.524126e-09
2.236000	2.33088e-09
2.237000	2.169842e-09
2.238000	2.041011e-09
2.239000	1.976595e-09
2.240000	1.976595e-09
2.241000	2.008803e-09
2.242000	1.944388e-09
2.243000	1.91218e-09
2.244000	1.879972e-09
2.245000	1.944388e-09
2.246000	2.073218e-09
2.247000	2.041011e-09
2.248000	2.008803e-09
2.249000	1.751141e-09
2.250000	1.686726e-09
2.251000	1.525687e-09
2.252000	1.332441e-09
2.253000	1.20361e-09
2.254000	1.106987e-09
2.255000	1.010364e-09
2.256000	7.849101e-10
2.257000	6.238715e-10
2.258000	5.916638e-10
2.259000	5.916638e-10
2.260000	4.950407e-10
2.261000	6.238715e-10
2.262000	6.560792e-10
2.263000	7.204947e-10
2.264000	7.849101e-10
2.265000	7.204947e-10
2.266000	1.010364e-09
2.267000	9.781563e-10
2.268000	1.106987e-09
2.269000	1.010364e-09
2.270000	1.042572e-09
2.271000	9.459486e-10
2.272000	8.171178e-10
2.273000	5.916638e-10
2.274000	4.62833e-10
2.275000	2.695867e-10
2.276000	1.407559e-10
2.277000	-5.249038e-11
2.278000	-1.169058e-10
2.279000	1.192504e-11
2.280000	1.192504e-11
2.281000	-5.249038e-11
2.282000	4.62833e-10
2.283000	5.272484e-10
2.284000	3.662099e-10
2.285000	3.662099e-10
2.286000	4.950407e-10
2.287000	3.984176e-10
2.288000	3.017944e-10
2.289000	3.340021e-10
2.290000	-2.028267e-11
2.291000	2.051713e-10
2.292000	7.634046e-11
2.293000	1.085482e-10
2.294000	-1.813212e-10
2.295000	-1.169058e-10
2.296000	-3.745675e-10
2.297000	-4.389829e-10
2.298000	-4.067752e-10
2.299000	-5.033983e-10
2.300000	-4.389829e-10
2.301000	-4.389829e-10
2.302000	-2.779444e-10
2.303000	-2.457366e-10
2.304000	-2.779444e-10
2.305000	-5.249038e-11
2.306000	8.171178e-10
2.307000	1.396857e-09
2.308000	9.781563e-10
2.309000	7.527024e-10
2.310000	5.594561e-10
2.311000	3.017944e-10
2.312000	1.729636e-10
2.313000	1.192504e-11
2.314000	-2.135289e-10
2.315000	-2.135289e-10
2.316000	-4.711906e-10
2.317000	-5.35606e-10
2.318000	-5.35606e-10
2.319000	-6.000215e-10
2.320000	-6.322292e-10
2.321000	-5.033983e-10
2.322000	-6.000215e-10
2.323000	-3.745675e-10
2.324000	-4.711906e-10
2.325000	-3.101521e-10
2.326000	-5.249038e-11
2.327000	-8.469809e-11
2.328000	7.634046e-11
2.329000	4.413275e-11
2.330000	1.192504e-11
2.331000	1.192504e-11
2.332000	-2.135289e-10
2.333000	-5.249038e-11
2.334000	-2.135289e-10
2.335000	-3.423598e-10
2.336000	-5.033983e-10
2.337000	-5.35606e-10
2.338000	-5.678137e-10
2.339000	-5.033983e-10
2.340000	-5.678137e-10
2.341000	-4.711906e-10
2.342000	-4.067752e-10
2.343000	-4.067752e-10
2.344000	-2.457366e-10
2.345000	-1.813212e-10
2.346000	1.192504e-11
2.347000	1.085482e-10
2.348000	7.634046e-11
2.349000	-2.028267e-11
2.350000	-2.028267e-11
2.351000	1.192504e-11
2.352000	-5.249038e-11
2.353000	-1.491135e-10
2.354000	-2.779444e-10
2.355000	-1.813212e-10
2.356000	-4.389829e-10
2.357000	-4.711906e-10
2.358000	-5.033983e-10
2.359000	-5.35606e-10
2.360000	-6.644369e-10
2.361000	-6.644369e-10
2.362000	-5.033983e-10
2.363000	-4.067752e-10
2.364000	-3.101521e-10
2.365000	-3.423598e-10
2.366000	-4.389829e-10
2.367000	-1.169058e-10
2.368000	-2.028267e-11
2.369000	-8.469809e-11
2.370000	7.634046e-11
2.371000	-1.813212e-10
2.372000	-1.813212e-10
2.373000	-1.169058e-10
2.374000	-3.101521e-10
2.375000	-3.101521e-10
2.376000	-4.067752e-10
2.377000	-6.000215e-10
2.378000	-5.35606e-10
2.379000	-5.678137e-10
2.380000	-5.35606e-10
2.381000	-5.033983e-10
2.382000	-5.033983e-10
2.383000	-4.067752e-10
2.384000	-2.779444e-10
2.385000	-2.779444e-10
2.386000	-1.491135e-10
2.387000	-1.169058e-10
2.388000	7.634046e-11
2.389000	4.413275e-11
2.390000	-2.028267e-11
2.391000	1.192504e-11
2.392000	-1.491135e-10
2.393000	-1.491135e-10
2.394000	-4.711906e-10
2.395000	-2.779444e-10
2.396000	-3.745675e-10
2.397000	-6.000215e-10
2.398000	-6.322292e-10
2.399000	-7.932677e-10
2.400000	-6.644369e-10
2.401000	-5.033983e-10
2.402000	-4.711906e-10
2.403000	-5.033983e-10
