***End_of_Header***
Time	Voltage
21.042000	-4.067752e-10
21.043000	-5.35606e-10
21.044000	-5.678137e-10
21.045000	-8.254754e-10
21.046000	-7.288523e-10
21.047000	-6.966446e-10
21.048000	-4.711906e-10
21.049000	-4.067752e-10
21.050000	-4.067752e-10
21.051000	-2.779444e-10
21.052000	-2.135289e-10
21.053000	-8.469809e-11
21.054000	-2.028267e-11
21.055000	-2.779444e-10
21.056000	-5.249038e-11
21.057000	-1.813212e-10
21.058000	-2.135289e-10
21.059000	-2.135289e-10
21.060000	-3.101521e-10
21.061000	-2.779444e-10
21.062000	-4.389829e-10
21.063000	-5.35606e-10
21.064000	-5.35606e-10
21.065000	-6.644369e-10
21.066000	-6.322292e-10
21.067000	-5.35606e-10
21.068000	-3.745675e-10
21.069000	-3.745675e-10
21.070000	-2.457366e-10
21.071000	-2.779444e-10
21.072000	-1.813212e-10
21.073000	-2.028267e-11
21.074000	-1.169058e-10
21.075000	-2.028267e-11
21.076000	-8.469809e-11
21.077000	-8.469809e-11
21.078000	-1.813212e-10
21.079000	-8.469809e-11
21.080000	-2.457366e-10
21.081000	-2.779444e-10
21.082000	-5.033983e-10
21.083000	-5.35606e-10
21.084000	-5.678137e-10
21.085000	-6.000215e-10
21.086000	-3.745675e-10
21.087000	-2.779444e-10
21.088000	-2.135289e-10
21.089000	-5.249038e-11
21.090000	-8.469809e-11
21.091000	5.068536e-09
21.092000	4.571467e-08
21.093000	5.637542e-08
21.094000	5.769593e-08
21.095000	5.37988e-08
21.096000	4.848453e-08
21.097000	4.346013e-08
21.098000	3.846793e-08
21.099000	3.492508e-08
21.100000	3.315366e-08
21.101000	3.20908e-08
21.102000	3.157548e-08
21.103000	2.986847e-08
21.104000	2.783939e-08
21.105000	2.6229e-08
21.106000	2.532719e-08
21.107000	2.490849e-08
21.108000	2.584251e-08
21.109000	2.780718e-08
21.110000	3.035159e-08
21.111000	3.244509e-08
21.112000	3.405547e-08
21.113000	3.553703e-08
21.114000	3.669651e-08
21.115000	3.727625e-08
21.116000	3.743728e-08
21.117000	3.679313e-08
21.118000	3.576248e-08
21.119000	3.41521e-08
21.120000	3.212301e-08
21.121000	3.031938e-08
21.122000	2.87412e-08
21.123000	2.787159e-08
21.124000	2.696978e-08
21.125000	2.574589e-08
21.126000	2.503732e-08
21.127000	2.452199e-08
21.128000	2.345914e-08
21.129000	2.239628e-08
21.130000	2.126901e-08
21.131000	2.014174e-08
21.132000	1.891785e-08
21.133000	1.862798e-08
21.134000	1.78872e-08
21.135000	1.714643e-08
21.136000	1.62124e-08
21.137000	6.034767e-09
21.138000	4.778666e-09
21.139000	8.321514e-09
21.140000	1.167112e-08
21.141000	1.337812e-08
21.142000	1.266956e-08
21.143000	1.186436e-08
21.144000	1.115579e-08
21.145000	1.031839e-08
21.146000	9.287746e-09
21.147000	8.224891e-09
21.148000	7.194244e-09
21.149000	6.292429e-09
21.150000	5.487236e-09
21.151000	5.165159e-09
21.152000	5.068536e-09
21.153000	4.939705e-09
21.154000	4.907497e-09
21.155000	4.649835e-09
21.156000	4.617628e-09
21.157000	4.58542e-09
21.158000	4.263343e-09
21.159000	4.295551e-09
21.160000	3.87685e-09
21.161000	3.425942e-09
21.162000	3.03945e-09
21.163000	2.781788e-09
21.164000	2.652957e-09
21.165000	2.717373e-09
21.166000	2.652957e-09
21.167000	2.910619e-09
21.168000	2.910619e-09
21.169000	3.007242e-09
21.170000	3.03945e-09
21.171000	3.007242e-09
21.172000	2.975034e-09
21.173000	3.071658e-09
21.174000	3.03945e-09
21.175000	2.781788e-09
21.176000	2.717373e-09
21.177000	2.491919e-09
21.178000	2.427503e-09
21.179000	2.395296e-09
21.180000	2.137634e-09
21.181000	2.008803e-09
21.182000	1.847765e-09
21.183000	1.654518e-09
21.184000	1.590103e-09
21.185000	1.557895e-09
21.186000	1.332441e-09
21.187000	1.332441e-09
21.188000	1.20361e-09
21.189000	1.300233e-09
21.190000	1.171403e-09
21.191000	1.106987e-09
21.192000	1.235818e-09
21.193000	1.235818e-09
21.194000	1.364649e-09
21.195000	1.106987e-09
21.196000	1.139195e-09
21.197000	1.042572e-09
21.198000	1.139195e-09
21.199000	1.042572e-09
21.200000	8.493255e-10
21.201000	8.171178e-10
21.202000	6.238715e-10
21.203000	4.950407e-10
21.204000	5.594561e-10
21.205000	6.238715e-10
21.206000	5.916638e-10
21.207000	6.88287e-10
21.208000	7.849101e-10
21.209000	7.849101e-10
21.210000	8.171178e-10
21.211000	7.849101e-10
21.212000	8.171178e-10
21.213000	9.459486e-10
21.214000	9.459486e-10
21.215000	7.527024e-10
21.216000	7.204947e-10
21.217000	6.238715e-10
21.218000	4.950407e-10
21.219000	4.950407e-10
21.220000	5.272484e-10
21.221000	3.662099e-10
21.222000	1.407559e-10
21.223000	-1.813212e-10
21.224000	-1.169058e-10
21.225000	-2.457366e-10
21.226000	-3.745675e-10
21.227000	-3.423598e-10
21.228000	-3.101521e-10
21.229000	-2.135289e-10
21.230000	-1.169058e-10
21.231000	-1.813212e-10
21.232000	1.085482e-10
21.233000	2.695867e-10
21.234000	-2.028267e-11
21.235000	1.192504e-11
21.236000	1.729636e-10
21.237000	7.634046e-11
21.238000	-2.028267e-11
21.239000	1.407559e-10
21.240000	-1.813212e-10
21.241000	-1.813212e-10
21.242000	-3.423598e-10
21.243000	-4.067752e-10
21.244000	-2.779444e-10
21.245000	-5.033983e-10
21.246000	-4.711906e-10
21.247000	-3.745675e-10
21.248000	-1.813212e-10
21.249000	-4.067752e-10
21.250000	-2.779444e-10
21.251000	-2.135289e-10
21.252000	1.192504e-11
21.253000	4.413275e-11
21.254000	4.413275e-11
21.255000	1.192504e-11
21.256000	1.085482e-10
21.257000	1.192504e-11
21.258000	4.413275e-11
21.259000	-5.249038e-11
21.260000	-3.745675e-10
21.261000	-3.101521e-10
21.262000	-3.745675e-10
21.263000	-4.711906e-10
21.264000	-4.711906e-10
21.265000	-5.35606e-10
21.266000	-4.711906e-10
21.267000	-4.711906e-10
21.268000	-3.423598e-10
21.269000	-3.745675e-10
21.270000	-2.135289e-10
21.271000	-2.779444e-10
21.272000	1.192504e-11
21.273000	7.634046e-11
21.274000	1.085482e-10
21.275000	1.192504e-11
21.276000	1.085482e-10
21.277000	4.413275e-11
21.278000	1.407559e-10
21.279000	1.085482e-10
21.280000	-2.779444e-10
21.281000	-2.457366e-10
21.282000	-3.101521e-10
21.283000	-5.033983e-10
21.284000	-5.35606e-10
21.285000	-4.711906e-10
21.286000	-5.35606e-10
21.287000	-3.423598e-10
21.288000	-3.423598e-10
21.289000	-3.423598e-10
21.290000	-2.135289e-10
21.291000	-2.457366e-10
21.292000	-1.169058e-10
21.293000	4.413275e-11
21.294000	4.413275e-11
21.295000	1.407559e-10
21.296000	4.413275e-11
21.297000	-3.423598e-10
21.298000	-2.135289e-10
21.299000	-2.135289e-10
21.300000	-3.101521e-10
21.301000	-2.457366e-10
21.302000	-4.389829e-10
21.303000	-6.000215e-10
21.304000	-6.000215e-10
21.305000	-6.322292e-10
21.306000	-6.322292e-10
21.307000	-5.35606e-10
21.308000	-3.745675e-10
21.309000	-4.067752e-10
21.310000	-2.457366e-10
21.311000	-2.779444e-10
21.312000	-1.491135e-10
21.313000	-1.813212e-10
21.314000	-8.469809e-11
21.315000	1.192504e-11
21.316000	-5.249038e-11
21.317000	-5.249038e-11
21.318000	-2.457366e-10
21.319000	-1.491135e-10
21.320000	-2.457366e-10
21.321000	-5.678137e-10
21.322000	-3.101521e-10
21.323000	-5.35606e-10
21.324000	-5.033983e-10
21.325000	-5.033983e-10
21.326000	-5.033983e-10
21.327000	-4.389829e-10
21.328000	-3.745675e-10
21.329000	-3.745675e-10
21.330000	-3.101521e-10
21.331000	-3.423598e-10
21.332000	-8.469809e-11
21.333000	-2.028267e-11
21.334000	-3.745675e-10
21.335000	-2.028267e-11
21.336000	-3.745675e-10
21.337000	-1.169058e-10
21.338000	-2.779444e-10
21.339000	-2.457366e-10
21.340000	-3.423598e-10
21.341000	-3.101521e-10
