***End_of_Header***
Time	Voltage
18.822000	-3.745675e-09
18.823000	-2.135289e-09
18.824000	-3.745675e-09
18.825000	-3.101521e-09
18.826000	-3.423598e-09
18.827000	-1.169058e-09
18.828000	-1.169058e-09
18.829000	-2.457366e-09
18.830000	-2.779444e-09
18.831000	-3.101521e-09
18.832000	-4.711906e-09
18.833000	-5.678137e-09
18.834000	-3.423598e-09
18.835000	-4.067752e-09
18.836000	-6.966446e-09
18.837000	-6.000215e-09
18.838000	-2.457366e-09
18.839000	-4.389829e-09
18.840000	-4.711906e-09
18.841000	-4.067752e-09
18.842000	-5.033983e-09
18.843000	-4.067752e-09
18.844000	-1.813212e-09
18.845000	-2.457366e-09
18.846000	-3.745675e-09
18.847000	-3.101521e-09
18.848000	-6.322292e-09
18.849000	-1.491135e-09
18.850000	-3.101521e-09
18.851000	-2.457366e-09
18.852000	-2.135289e-09
18.853000	-1.491135e-09
18.854000	-8.469809e-10
18.855000	-2.028267e-10
18.856000	-1.813212e-09
18.857000	-5.678137e-09
18.858000	-6.000215e-09
18.859000	-6.000215e-09
18.860000	-2.779444e-09
18.861000	-3.745675e-09
18.862000	-3.745675e-09
18.863000	-1.813212e-09
18.864000	-4.067752e-09
18.865000	-4.389829e-09
18.866000	-4.389829e-09
18.867000	-1.491135e-09
18.868000	1.192504e-10
18.869000	-5.249038e-10
18.870000	-8.469809e-10
18.871000	1.407559e-09
18.872000	1.711422e-07
18.873000	1.295942e-07
18.874000	9.094499e-08
18.875000	7.484114e-08
18.876000	6.066975e-08
18.877000	4.971912e-08
18.878000	4.392174e-08
18.879000	4.102304e-08
18.880000	3.941266e-08
18.881000	3.297111e-08
18.882000	3.87685e-08
18.883000	3.941266e-08
18.884000	3.748019e-08
18.885000	3.490358e-08
18.886000	3.103865e-08
18.887000	2.62075e-08
18.888000	2.137634e-08
18.889000	1.944388e-08
18.890000	1.944388e-08
18.891000	1.91218e-08
18.892000	1.815557e-08
18.893000	1.783349e-08
18.894000	1.590103e-08
18.895000	1.525687e-08
18.896000	1.235818e-08
18.897000	1.042572e-08
18.898000	1.106987e-08
18.899000	8.815332e-09
18.900000	1.106987e-08
18.901000	1.461272e-08
18.902000	1.847765e-08
18.903000	2.105426e-08
18.904000	2.041011e-08
18.905000	2.041011e-08
18.906000	1.718934e-08
18.907000	2.234257e-08
18.908000	2.202049e-08
18.909000	2.169842e-08
18.910000	2.041011e-08
18.911000	1.879972e-08
18.912000	2.137634e-08
18.913000	2.008803e-08
18.914000	2.008803e-08
18.915000	1.622311e-08
18.916000	2.202049e-08
18.917000	2.33088e-08
18.918000	2.685165e-08
18.919000	3.03945e-08
18.920000	3.03945e-08
18.921000	2.130122e-07
18.922000	1.753292e-07
18.923000	8.772422e-08
18.924000	4.971912e-08
18.925000	3.651396e-08
18.926000	3.168281e-08
18.927000	2.942827e-08
18.928000	2.717373e-08
18.929000	3.007242e-08
18.930000	2.813996e-08
18.931000	2.62075e-08
18.932000	2.524126e-08
18.933000	2.202049e-08
18.934000	1.976595e-08
18.935000	1.879972e-08
18.936000	1.396857e-08
18.937000	6.560792e-09
18.938000	3.984176e-09
18.939000	1.074779e-08
18.940000	1.268026e-08
18.941000	1.396857e-08
18.942000	1.20361e-08
18.943000	1.20361e-08
18.944000	1.074779e-08
18.945000	9.459486e-09
18.946000	8.493255e-09
18.947000	8.171178e-09
18.948000	6.238715e-09
18.949000	6.560792e-09
18.950000	3.662099e-09
18.951000	2.051713e-09
18.952000	1.729636e-09
18.953000	1.729636e-09
18.954000	-1.169058e-09
18.955000	1.192504e-10
18.956000	-2.457366e-09
18.957000	-9.543063e-09
18.958000	-6.644369e-09
18.959000	-6.000215e-09
18.960000	-6.966446e-09
18.961000	-5.033983e-09
18.962000	-3.745675e-09
18.963000	-2.779444e-09
18.964000	-2.457366e-09
18.965000	-2.457366e-09
18.966000	-6.966446e-09
18.967000	-4.389829e-09
18.968000	-6.966446e-09
18.969000	-1.491135e-09
18.970000	-1.169058e-09
18.971000	-2.135289e-09
18.972000	-1.491135e-09
18.973000	-1.169058e-09
18.974000	-1.491135e-09
18.975000	1.192504e-10
18.976000	7.634046e-10
18.977000	-1.813212e-09
18.978000	-2.135289e-09
18.979000	-4.711906e-09
18.980000	-3.101521e-09
18.981000	-4.067752e-09
18.982000	-4.711906e-09
18.983000	-2.457366e-09
18.984000	-3.423598e-09
18.985000	-4.067752e-09
18.986000	-3.745675e-09
18.987000	-2.457366e-09
18.988000	-8.469809e-10
18.989000	-5.249038e-10
18.990000	-1.813212e-09
18.991000	-1.491135e-09
18.992000	-5.249038e-10
18.993000	-2.135289e-09
18.994000	-2.779444e-09
18.995000	4.413275e-10
18.996000	1.192504e-10
18.997000	-2.135289e-09
18.998000	-3.101521e-09
18.999000	-4.389829e-09
19.000000	-4.711906e-09
19.001000	-8.898909e-09
19.002000	-4.067752e-09
19.003000	-5.35606e-09
19.004000	-5.033983e-09
19.005000	-6.000215e-09
19.006000	-6.000215e-09
19.007000	-5.35606e-09
19.008000	-3.745675e-09
19.009000	-1.491135e-09
19.010000	-3.745675e-09
19.011000	-4.389829e-09
19.012000	-3.423598e-09
19.013000	-3.745675e-09
19.014000	-2.457366e-09
19.015000	-5.249038e-10
19.016000	-1.169058e-09
19.017000	-5.033983e-09
19.018000	-4.067752e-09
19.019000	-3.745675e-09
19.020000	-5.35606e-09
19.021000	-2.457366e-09
19.022000	-3.101521e-09
19.023000	-1.491135e-09
19.024000	-2.135289e-09
19.025000	-1.813212e-09
19.026000	-1.491135e-09
19.027000	1.192504e-10
19.028000	-1.491135e-09
19.029000	-1.813212e-09
19.030000	-1.813212e-09
19.031000	-2.779444e-09
19.032000	-1.491135e-09
19.033000	-8.254754e-09
19.034000	-3.745675e-09
19.035000	-1.491135e-09
19.036000	-3.101521e-09
19.037000	-6.644369e-09
19.038000	-7.288523e-09
19.039000	-5.033983e-09
19.040000	-5.033983e-09
19.041000	-3.745675e-09
19.042000	-3.101521e-09
19.043000	-2.135289e-09
19.044000	-2.457366e-09
19.045000	-3.423598e-09
19.046000	-2.779444e-09
19.047000	-1.169058e-09
19.048000	-5.249038e-10
19.049000	-1.813212e-09
19.050000	-2.779444e-09
19.051000	-1.169058e-09
19.052000	-3.745675e-09
19.053000	-3.423598e-09
19.054000	-2.457366e-09
19.055000	-1.491135e-09
19.056000	-4.389829e-09
19.057000	-6.000215e-09
19.058000	-3.745675e-09
19.059000	-3.745675e-09
19.060000	-3.423598e-09
19.061000	-3.745675e-09
19.062000	-3.423598e-09
19.063000	-3.423598e-09
19.064000	-3.745675e-09
19.065000	-2.135289e-09
19.066000	-2.779444e-09
19.067000	-1.169058e-09
19.068000	-2.779444e-09
19.069000	-2.135289e-09
19.070000	-2.135289e-09
19.071000	-3.101521e-09
19.072000	-8.469809e-10
19.073000	-4.389829e-09
19.074000	-2.779444e-09
19.075000	-2.457366e-09
19.076000	-2.779444e-09
19.077000	-4.067752e-09
19.078000	-5.033983e-09
19.079000	-3.745675e-09
19.080000	-3.423598e-09
19.081000	-4.067752e-09
19.082000	-4.389829e-09
19.083000	-4.389829e-09
19.084000	-5.678137e-09
19.085000	-5.033983e-09
19.086000	-4.711906e-09
19.087000	-3.101521e-09
19.088000	-2.135289e-09
19.089000	-2.135289e-09
19.090000	-2.779444e-09
19.091000	-2.135289e-09
19.092000	-1.813212e-09
19.093000	-2.135289e-09
19.094000	-1.813212e-09
19.095000	-1.813212e-09
19.096000	-2.457366e-09
19.097000	-5.35606e-09
19.098000	-7.932677e-09
19.099000	-3.423598e-09
19.100000	-3.745675e-09
19.101000	-4.067752e-09
19.102000	-3.423598e-09
19.103000	-2.457366e-09
19.104000	-2.135289e-09
19.105000	-2.779444e-09
19.106000	-4.711906e-09
19.107000	-2.135289e-09
19.108000	-3.423598e-09
19.109000	-3.423598e-09
19.110000	-2.135289e-09
19.111000	-2.135289e-09
19.112000	-1.491135e-09
19.113000	-2.135289e-09
19.114000	-1.169058e-09
19.115000	-2.779444e-09
19.116000	-5.249038e-10
19.117000	-1.169058e-09
19.118000	-3.101521e-09
19.119000	-3.745675e-09
19.120000	-2.457366e-09
19.121000	-4.067752e-09
19.122000	-6.000215e-09
19.123000	-2.457366e-09
19.124000	-5.033983e-09
19.125000	-5.033983e-09
19.126000	-4.711906e-09
19.127000	-3.745675e-09
19.128000	-1.169058e-09
19.129000	-1.491135e-09
19.130000	-2.457366e-09
19.131000	-2.457366e-09
19.132000	-3.101521e-09
19.133000	-4.711906e-09
19.134000	-3.423598e-09
19.135000	-3.423598e-09
19.136000	-5.35606e-09
19.137000	-5.35606e-09
19.138000	-4.711906e-09
19.139000	-5.35606e-09
19.140000	-3.745675e-09
19.141000	-3.101521e-09
19.142000	-1.813212e-09
19.143000	-2.457366e-09
19.144000	-3.745675e-09
19.145000	-5.249038e-10
19.146000	-6.644369e-09
19.147000	-8.469809e-10
19.148000	-8.469809e-10
19.149000	-2.457366e-09
19.150000	-3.101521e-09
19.151000	-2.135289e-09
19.152000	-2.779444e-09
19.153000	-3.745675e-09
19.154000	-4.067752e-09
19.155000	-4.389829e-09
19.156000	-3.745675e-09
19.157000	-3.423598e-09
19.158000	-3.101521e-09
19.159000	-4.067752e-09
19.160000	-4.389829e-09
19.161000	-3.745675e-09
19.162000	-4.711906e-09
19.163000	-2.457366e-09
19.164000	-4.067752e-09
19.165000	-2.457366e-09
19.166000	-3.101521e-09
19.167000	-3.745675e-09
19.168000	-2.135289e-09
19.169000	-1.813212e-09
19.170000	-8.469809e-10
19.171000	-5.249038e-10
19.172000	-2.135289e-09
19.173000	-3.423598e-09
19.174000	-1.813212e-09
19.175000	-6.000215e-09
19.176000	4.413275e-10
19.177000	-3.101521e-09
19.178000	-5.678137e-09
19.179000	-4.389829e-09
19.180000	-3.101521e-09
19.181000	-3.101521e-09
19.182000	-5.678137e-09
19.183000	-3.101521e-09
19.184000	-4.067752e-09
19.185000	-4.067752e-09
19.186000	-4.067752e-09
19.187000	-1.491135e-09
19.188000	-5.249038e-10
19.189000	-3.101521e-09
19.190000	-2.028267e-10
19.191000	-3.745675e-09
19.192000	-3.745675e-09
19.193000	-3.101521e-09
19.194000	-3.745675e-09
19.195000	-3.745675e-09
19.196000	-3.423598e-09
19.197000	-2.135289e-09
19.198000	-5.35606e-09
19.199000	-3.101521e-09
19.200000	-2.779444e-09
19.201000	-3.101521e-09
19.202000	-4.711906e-09
19.203000	-3.745675e-09
19.204000	-4.067752e-09
19.205000	-3.745675e-09
19.206000	-4.389829e-09
19.207000	-4.389829e-09
19.208000	-6.000215e-09
19.209000	-4.067752e-09
19.210000	-5.249038e-10
19.211000	-2.779444e-09
19.212000	-2.135289e-09
19.213000	-3.423598e-09
19.214000	-3.423598e-09
19.215000	-3.745675e-09
19.216000	-2.135289e-09
19.217000	-3.101521e-09
19.218000	-3.101521e-09
19.219000	-4.711906e-09
19.220000	-5.033983e-09
19.221000	-3.101521e-09
