***End_of_Header***
Time	Voltage
14.701000	-4.711906e-09
14.702000	-2.457366e-09
14.703000	-6.322292e-09
14.704000	-6.000215e-09
14.705000	-3.745675e-09
14.706000	-1.491135e-09
14.707000	-2.779444e-09
14.708000	-6.966446e-09
14.709000	-4.067752e-09
14.710000	-1.813212e-09
14.711000	-5.249038e-10
14.712000	2.051713e-09
14.713000	7.634046e-10
14.714000	-1.813212e-09
14.715000	-1.813212e-09
14.716000	-3.745675e-09
14.717000	-3.423598e-09
14.718000	-1.491135e-09
14.719000	1.192504e-10
14.720000	7.634046e-10
14.721000	-2.779444e-09
14.722000	-4.711906e-09
14.723000	-6.322292e-09
14.724000	-2.779444e-09
14.725000	-5.35606e-09
14.726000	-3.423598e-09
14.727000	1.085482e-09
14.728000	-8.469809e-10
14.729000	-3.423598e-09
14.730000	-2.457366e-09
14.731000	-3.745675e-09
14.732000	-1.018722e-08
14.733000	-4.711906e-09
14.734000	-3.745675e-09
14.735000	-5.678137e-09
14.736000	-4.389829e-09
14.737000	1.192504e-10
14.738000	4.413275e-10
14.739000	-4.711906e-09
14.740000	-4.711906e-09
14.741000	-5.033983e-09
14.742000	-6.644369e-09
14.743000	-6.966446e-09
14.744000	-4.389829e-09
14.745000	-5.033983e-09
14.746000	-2.457366e-09
14.747000	-2.135289e-09
14.748000	-3.101521e-09
14.749000	-4.067752e-09
14.750000	-1.813212e-09
14.751000	1.717863e-07
14.752000	2.771056e-07
14.753000	1.859577e-07
14.754000	1.389345e-07
14.755000	1.234748e-07
14.756000	1.096255e-07
14.757000	1.038281e-07
14.758000	9.835277e-08
14.759000	9.094499e-08
14.760000	8.160476e-08
14.761000	6.872167e-08
14.762000	5.841521e-08
14.763000	5.165159e-08
14.764000	5.229574e-08
14.765000	5.519444e-08
14.766000	6.034767e-08
14.767000	1.218644e-07
14.768000	1.089813e-07
14.769000	1.067268e-07
14.770000	1.031839e-07
14.771000	1.018956e-07
14.772000	9.996315e-08
14.773000	9.545407e-08
14.774000	9.22333e-08
14.775000	9.287746e-08
14.776000	8.901253e-08
14.777000	8.450345e-08
14.778000	8.321514e-08
14.779000	8.063853e-08
14.780000	7.226452e-08
14.781000	7.097621e-08
14.782000	7.000998e-08
14.783000	6.453467e-08
14.784000	5.841521e-08
14.785000	5.261782e-08
14.786000	5.261782e-08
14.787000	3.909058e-08
14.788000	2.846204e-08
14.789000	2.395296e-08
14.790000	1.976595e-08
14.791000	1.783349e-08
14.792000	1.879972e-08
14.793000	1.686726e-08
14.794000	1.525687e-08
14.795000	1.751141e-08
14.796000	1.268026e-08
14.797000	9.781563e-09
14.798000	1.074779e-08
14.799000	1.557895e-08
14.800000	1.751141e-08
14.801000	2.169842e-08
14.802000	1.879972e-08
14.803000	1.461272e-08
14.804000	1.364649e-08
14.805000	1.106987e-08
14.806000	1.074779e-08
14.807000	6.238715e-09
14.808000	7.204947e-09
14.809000	8.493255e-09
14.810000	5.916638e-09
14.811000	4.62833e-09
14.812000	3.017944e-09
14.813000	2.695867e-09
14.814000	3.340021e-09
14.815000	2.695867e-09
14.816000	-3.101521e-09
14.817000	-8.469809e-10
14.818000	7.634046e-10
14.819000	-4.389829e-09
14.820000	-4.389829e-09
14.821000	-5.033983e-09
14.822000	-5.678137e-09
14.823000	-7.288523e-09
14.824000	-5.678137e-09
14.825000	-6.322292e-09
14.826000	-5.35606e-09
14.827000	-3.101521e-09
14.828000	-6.322292e-09
14.829000	-6.000215e-09
14.830000	-3.101521e-09
14.831000	-8.469809e-10
14.832000	-3.101521e-09
14.833000	-1.169058e-09
14.834000	7.634046e-10
14.835000	-2.457366e-09
14.836000	-4.067752e-09
14.837000	-3.101521e-09
14.838000	1.407559e-09
14.839000	-2.135289e-09
14.840000	-3.101521e-09
14.841000	-1.813212e-09
14.842000	-4.711906e-09
14.843000	-3.745675e-09
14.844000	-3.745675e-09
14.845000	-4.389829e-09
14.846000	-2.779444e-09
14.847000	-1.169058e-09
14.848000	-5.35606e-09
14.849000	-5.35606e-09
14.850000	-3.745675e-09
14.851000	-5.678137e-09
14.852000	-3.745675e-09
14.853000	-3.423598e-09
14.854000	-3.745675e-09
14.855000	-2.457366e-09
14.856000	-2.779444e-09
14.857000	-2.135289e-09
14.858000	-4.711906e-09
14.859000	-4.389829e-09
14.860000	-2.457366e-09
14.861000	-3.423598e-09
14.862000	-2.457366e-09
14.863000	-2.457366e-09
14.864000	-3.101521e-09
14.865000	-2.135289e-09
14.866000	-1.491135e-09
14.867000	-5.033983e-09
14.868000	-4.711906e-09
14.869000	1.407559e-09
14.870000	-5.249038e-10
14.871000	-1.169058e-09
14.872000	4.413275e-10
14.873000	1.192504e-10
14.874000	-1.813212e-09
14.875000	-8.469809e-10
14.876000	-4.389829e-09
14.877000	-2.779444e-09
14.878000	-2.135289e-09
14.879000	-3.423598e-09
14.880000	-7.6106e-09
14.881000	-5.35606e-09
14.882000	-4.389829e-09
14.883000	-5.678137e-09
14.884000	-5.033983e-09
14.885000	-4.067752e-09
14.886000	-4.389829e-09
14.887000	-4.711906e-09
14.888000	-4.067752e-09
14.889000	-2.779444e-09
14.890000	-1.813212e-09
14.891000	-8.469809e-10
14.892000	-1.813212e-09
14.893000	-1.491135e-09
14.894000	-1.169058e-09
14.895000	-5.35606e-09
14.896000	-2.457366e-09
14.897000	-1.169058e-09
14.898000	-1.491135e-09
14.899000	-5.033983e-09
14.900000	-4.711906e-09
14.901000	-6.000215e-09
14.902000	-5.35606e-09
14.903000	-5.678137e-09
14.904000	-6.000215e-09
14.905000	-6.644369e-09
14.906000	-4.711906e-09
14.907000	-3.745675e-09
14.908000	-7.288523e-09
14.909000	-5.033983e-09
14.910000	-6.000215e-09
14.911000	-6.966446e-09
14.912000	-3.101521e-09
14.913000	-2.135289e-09
14.914000	-4.711906e-09
14.915000	-1.491135e-09
14.916000	-1.491135e-09
14.917000	-4.389829e-09
14.918000	-6.000215e-09
14.919000	-4.711906e-09
14.920000	-5.033983e-09
14.921000	-5.678137e-09
14.922000	-1.813212e-09
14.923000	-3.423598e-09
14.924000	-3.423598e-09
14.925000	-4.389829e-09
14.926000	-3.745675e-09
14.927000	-6.644369e-09
14.928000	-4.389829e-09
14.929000	1.192504e-10
14.930000	-5.249038e-10
14.931000	-8.469809e-10
14.932000	-2.779444e-09
14.933000	-2.135289e-09
14.934000	-8.469809e-10
14.935000	-8.469809e-10
14.936000	-5.033983e-09
14.937000	-1.169058e-09
14.938000	-5.249038e-10
14.939000	-5.35606e-09
14.940000	-4.389829e-09
14.941000	-4.389829e-09
14.942000	-6.322292e-09
14.943000	-4.711906e-09
14.944000	-3.101521e-09
14.945000	-4.389829e-09
14.946000	-4.067752e-09
14.947000	-5.033983e-09
14.948000	-6.322292e-09
14.949000	-1.813212e-09
14.950000	1.192504e-10
14.951000	-5.249038e-10
14.952000	-2.135289e-09
14.953000	7.634046e-10
14.954000	-1.169058e-09
14.955000	-1.813212e-09
14.956000	-8.469809e-10
14.957000	-1.491135e-09
14.958000	-1.813212e-09
14.959000	-1.813212e-09
14.960000	-2.457366e-09
14.961000	-5.35606e-09
14.962000	-7.6106e-09
14.963000	-9.220986e-09
14.964000	-5.678137e-09
14.965000	-4.389829e-09
14.966000	-1.813212e-09
14.967000	-3.101521e-09
14.968000	-3.423598e-09
14.969000	-1.813212e-09
14.970000	-5.033983e-09
14.971000	-1.083137e-08
14.972000	-3.423598e-09
14.973000	-4.067752e-09
14.974000	-4.389829e-09
14.975000	-1.491135e-09
14.976000	-1.813212e-09
14.977000	-1.813212e-09
14.978000	-4.067752e-09
14.979000	-3.423598e-09
14.980000	-4.711906e-09
14.981000	-5.678137e-09
14.982000	-2.779444e-09
14.983000	-4.389829e-09
14.984000	-4.067752e-09
14.985000	-4.067752e-09
14.986000	-2.457366e-09
14.987000	-4.389829e-09
14.988000	-5.35606e-09
14.989000	-8.469809e-10
14.990000	-1.169058e-09
14.991000	-1.813212e-09
14.992000	-1.169058e-09
14.993000	-5.249038e-10
14.994000	-1.491135e-09
14.995000	-1.813212e-09
14.996000	-3.423598e-09
14.997000	-2.135289e-09
14.998000	1.192504e-10
14.999000	-5.033983e-09
15.000000	-6.322292e-09
