***End_of_Header***
Time	Voltage
22.600000	-2.135289e-09
22.601000	-2.028267e-10
22.602000	-5.249038e-10
22.603000	-6.000215e-09
22.604000	-5.35606e-09
22.605000	-5.033983e-09
22.606000	-5.678137e-09
22.607000	-4.389829e-09
22.608000	-2.135289e-09
22.609000	-3.423598e-09
22.610000	-5.35606e-09
22.611000	-4.389829e-09
22.612000	-6.000215e-09
22.613000	-3.101521e-09
22.614000	-1.813212e-09
22.615000	-1.813212e-09
22.616000	-3.423598e-09
22.617000	-2.135289e-09
22.618000	-3.101521e-09
22.619000	-4.389829e-09
22.620000	-2.779444e-09
22.621000	-8.469809e-10
22.622000	7.634046e-10
22.623000	-1.491135e-09
22.624000	-3.423598e-09
22.625000	-6.322292e-09
22.626000	-2.457366e-09
22.627000	-3.101521e-09
22.628000	-4.389829e-09
22.629000	-1.491135e-09
22.630000	-2.779444e-09
22.631000	-8.898909e-09
22.632000	-5.033983e-09
22.633000	-3.423598e-09
22.634000	-4.711906e-09
22.635000	-1.813212e-09
22.636000	-1.813212e-09
22.637000	-2.457366e-09
22.638000	-3.745675e-09
22.639000	-6.322292e-09
22.640000	-4.389829e-09
22.641000	-6.000215e-09
22.642000	-2.028267e-10
22.643000	1.192504e-10
22.644000	1.192504e-10
22.645000	-2.028267e-10
22.646000	-5.249038e-10
22.647000	-1.813212e-09
22.648000	-1.169058e-09
22.649000	1.407559e-09
22.650000	6.389052e-08
22.651000	2.796822e-07
22.652000	1.804824e-07
22.653000	1.379683e-07
22.654000	1.225085e-07
22.655000	1.093034e-07
22.656000	1.038281e-07
22.657000	1.012515e-07
22.658000	9.255538e-08
22.659000	7.902814e-08
22.660000	6.582298e-08
22.661000	6.034767e-08
22.662000	5.648274e-08
22.663000	5.583859e-08
22.664000	5.809313e-08
22.665000	5.71269e-08
22.666000	6.292429e-08
22.667000	1.456981e-07
22.668000	1.196099e-07
22.669000	1.102696e-07
22.670000	1.038281e-07
22.671000	9.899692e-08
22.672000	9.319953e-08
22.673000	9.255538e-08
22.674000	8.514761e-08
22.675000	8.772422e-08
22.676000	8.643591e-08
22.677000	8.418137e-08
22.678000	8.160476e-08
22.679000	7.806191e-08
22.680000	7.097621e-08
22.681000	6.83996e-08
22.682000	6.646713e-08
22.683000	5.938144e-08
22.684000	5.29399e-08
22.685000	4.58542e-08
22.686000	4.102304e-08
22.687000	3.007242e-08
22.688000	3.168281e-08
22.689000	3.103865e-08
22.690000	2.74958e-08
22.691000	2.202049e-08
22.692000	1.879972e-08
22.693000	8.171178e-09
22.694000	1.364649e-08
22.695000	1.461272e-08
22.696000	1.139195e-08
22.697000	1.396857e-08
22.698000	1.718934e-08
22.699000	1.590103e-08
22.700000	1.49348e-08
22.701000	1.622311e-08
22.702000	1.622311e-08
22.703000	1.396857e-08
22.704000	1.429064e-08
22.705000	1.300233e-08
22.706000	1.20361e-08
22.707000	5.594561e-09
22.708000	5.272484e-09
22.709000	3.662099e-09
22.710000	4.306253e-09
22.711000	5.272484e-09
22.712000	-8.469809e-10
22.713000	-3.101521e-09
22.714000	1.085482e-09
22.715000	-1.169058e-09
22.716000	-3.745675e-09
22.717000	-4.067752e-09
22.718000	-8.469809e-10
22.719000	-6.644369e-09
22.720000	-6.644369e-09
22.721000	-5.678137e-09
22.722000	-5.35606e-09
22.723000	-5.249038e-10
22.724000	-1.813212e-09
22.725000	-5.033983e-09
22.726000	-4.389829e-09
22.727000	-3.423598e-09
22.728000	-5.033983e-09
22.729000	-4.711906e-09
22.730000	-2.457366e-09
22.731000	-3.423598e-09
22.732000	-7.288523e-09
22.733000	-6.000215e-09
22.734000	-6.644369e-09
22.735000	-8.576831e-09
22.736000	-4.711906e-09
22.737000	-3.101521e-09
22.738000	-4.067752e-09
22.739000	-2.457366e-09
22.740000	-5.033983e-09
22.741000	-4.389829e-09
22.742000	-6.966446e-09
22.743000	-4.067752e-09
22.744000	-4.389829e-09
22.745000	-5.35606e-09
22.746000	-6.322292e-09
22.747000	-3.423598e-09
22.748000	-4.389829e-09
22.749000	-5.35606e-09
22.750000	-3.423598e-09
22.751000	-4.389829e-09
22.752000	-8.469809e-10
22.753000	1.192504e-10
22.754000	-1.491135e-09
22.755000	-4.067752e-09
22.756000	-1.491135e-09
22.757000	-2.028267e-10
22.758000	-2.135289e-09
22.759000	-8.469809e-10
22.760000	-1.813212e-09
22.761000	-1.813212e-09
22.762000	-7.288523e-09
22.763000	-6.000215e-09
22.764000	-5.033983e-09
22.765000	-7.932677e-09
22.766000	-1.491135e-09
22.767000	-3.101521e-09
22.768000	-6.644369e-09
22.769000	-3.423598e-09
22.770000	-3.423598e-09
22.771000	-2.135289e-09
22.772000	1.192504e-10
22.773000	1.085482e-09
22.774000	-2.457366e-09
22.775000	-1.491135e-09
22.776000	-8.469809e-10
22.777000	-1.813212e-09
22.778000	-2.028267e-10
22.779000	-3.101521e-09
22.780000	1.192504e-10
22.781000	-2.457366e-09
22.782000	-2.457366e-09
22.783000	-2.457366e-09
22.784000	-3.423598e-09
22.785000	-3.423598e-09
22.786000	-2.457366e-09
22.787000	-3.423598e-09
22.788000	-7.6106e-09
22.789000	-6.644369e-09
22.790000	-6.966446e-09
22.791000	-4.711906e-09
22.792000	1.192504e-10
22.793000	-1.813212e-09
22.794000	-1.169058e-09
22.795000	1.192504e-10
22.796000	-2.457366e-09
22.797000	-4.389829e-09
22.798000	-2.779444e-09
22.799000	-6.000215e-09
22.800000	-4.067752e-09
22.801000	-2.028267e-10
22.802000	-6.000215e-09
22.803000	-7.932677e-09
22.804000	-5.033983e-09
22.805000	-7.288523e-09
22.806000	-1.17976e-08
22.807000	-6.322292e-09
22.808000	-4.067752e-09
22.809000	-3.101521e-09
22.810000	-5.033983e-09
22.811000	-6.000215e-09
22.812000	-6.322292e-09
22.813000	-6.966446e-09
22.814000	-6.000215e-09
22.815000	-1.491135e-09
22.816000	-5.678137e-09
22.817000	-3.101521e-09
22.818000	-3.101521e-09
22.819000	-4.711906e-09
22.820000	-6.966446e-09
22.821000	-6.322292e-09
22.822000	-5.678137e-09
22.823000	-3.101521e-09
22.824000	1.192504e-10
22.825000	-1.491135e-09
22.826000	-2.457366e-09
22.827000	-3.101521e-09
22.828000	-2.779444e-09
22.829000	-6.966446e-09
22.830000	-4.067752e-09
22.831000	-3.423598e-09
22.832000	-1.169058e-09
22.833000	-5.249038e-10
22.834000	-8.469809e-10
22.835000	-1.491135e-09
22.836000	-1.491135e-09
22.837000	-1.169058e-09
22.838000	-3.423598e-09
22.839000	-2.779444e-09
22.840000	-8.469809e-10
22.841000	7.634046e-10
22.842000	-1.491135e-09
22.843000	-2.457366e-09
22.844000	-8.469809e-10
22.845000	-6.966446e-09
22.846000	-4.711906e-09
22.847000	-3.423598e-09
22.848000	-4.067752e-09
22.849000	-1.491135e-09
22.850000	4.413275e-10
22.851000	-3.423598e-09
22.852000	-4.389829e-09
22.853000	-5.033983e-09
22.854000	-5.35606e-09
22.855000	-5.678137e-09
22.856000	-5.678137e-09
22.857000	-1.491135e-09
22.858000	-3.423598e-09
22.859000	-8.898909e-09
22.860000	-3.745675e-09
22.861000	-5.678137e-09
22.862000	-3.101521e-09
22.863000	7.634046e-10
22.864000	-1.169058e-09
22.865000	-1.491135e-09
22.866000	-8.469809e-10
22.867000	-2.457366e-09
22.868000	-4.067752e-09
22.869000	-2.779444e-09
22.870000	-2.028267e-10
22.871000	-5.249038e-10
22.872000	-4.389829e-09
22.873000	-4.067752e-09
22.874000	-4.067752e-09
22.875000	-8.898909e-09
22.876000	-6.000215e-09
22.877000	-2.135289e-09
22.878000	-1.813212e-09
22.879000	-8.898909e-09
22.880000	-5.35606e-09
22.881000	-5.35606e-09
22.882000	-3.423598e-09
22.883000	-1.169058e-09
22.884000	-1.813212e-09
22.885000	-1.169058e-09
22.886000	-1.813212e-09
22.887000	-2.457366e-09
22.888000	-6.000215e-09
22.889000	-3.101521e-09
22.890000	-8.469809e-10
22.891000	7.634046e-10
22.892000	-2.135289e-09
22.893000	-7.6106e-09
22.894000	-4.389829e-09
22.895000	-4.389829e-09
22.896000	-6.000215e-09
22.897000	-3.423598e-09
22.898000	-1.813212e-09
22.899000	-3.101521e-09
