***End_of_Header***
Time	Voltage
14.003000	-5.678137e-09
14.004000	-6.000215e-09
14.005000	-5.033983e-09
14.006000	-3.423598e-09
14.007000	-3.423598e-09
14.008000	-1.813212e-09
14.009000	-2.135289e-09
14.010000	-2.779444e-09
14.011000	-5.033983e-09
14.012000	-6.322292e-09
14.013000	-5.033983e-09
14.014000	-3.423598e-09
14.015000	-3.745675e-09
14.016000	-1.169058e-09
14.017000	-1.491135e-09
14.018000	-3.423598e-09
14.019000	-3.745675e-09
14.020000	-5.35606e-09
14.021000	-5.35606e-09
14.022000	-7.288523e-09
14.023000	-5.033983e-09
14.024000	-3.423598e-09
14.025000	-3.423598e-09
14.026000	-2.028267e-10
14.027000	-2.028267e-10
14.028000	-1.491135e-09
14.029000	-1.813212e-09
14.030000	-1.491135e-09
14.031000	-4.067752e-09
14.032000	-5.249038e-10
14.033000	1.407559e-09
14.034000	-2.028267e-10
14.035000	-2.135289e-09
14.036000	-3.101521e-09
14.037000	-2.135289e-09
14.038000	-3.745675e-09
14.039000	-3.101521e-09
14.040000	-4.389829e-09
14.041000	-3.101521e-09
14.042000	-2.457366e-09
14.043000	-1.491135e-09
14.044000	-8.469809e-10
14.045000	-1.169058e-09
14.046000	-1.169058e-09
14.047000	-8.469809e-10
14.048000	7.634046e-10
14.049000	-8.469809e-10
14.050000	1.407559e-09
14.051000	-2.028267e-10
14.052000	1.729636e-09
14.053000	1.527838e-07
14.054000	2.149447e-07
14.055000	1.447319e-07
14.056000	1.131683e-07
14.057000	9.706446e-08
14.058000	8.450345e-08
14.059000	6.872167e-08
14.060000	6.034767e-08
14.061000	4.682043e-08
14.062000	3.844643e-08
14.063000	3.586981e-08
14.064000	3.586981e-08
14.065000	3.812435e-08
14.066000	3.973473e-08
14.067000	4.231135e-08
14.068000	4.231135e-08
14.069000	4.649835e-08
14.070000	4.714251e-08
14.071000	1.144566e-07
14.072000	9.5132e-08
14.073000	8.740215e-08
14.074000	8.546968e-08
14.075000	8.482553e-08
14.076000	8.38593e-08
14.077000	7.967229e-08
14.078000	7.806191e-08
14.079000	7.355283e-08
14.080000	7.000998e-08
14.081000	6.614506e-08
14.082000	6.389052e-08
14.083000	6.099182e-08
14.084000	5.744897e-08
14.085000	5.068536e-08
14.086000	4.58542e-08
14.087000	4.005681e-08
14.088000	3.264904e-08
14.089000	2.556334e-08
14.090000	2.298672e-08
14.091000	1.944388e-08
14.092000	2.041011e-08
14.093000	1.815557e-08
14.094000	1.557895e-08
14.095000	1.235818e-08
14.096000	8.815332e-09
14.097000	9.137409e-09
14.098000	9.137409e-09
14.099000	1.171403e-08
14.100000	1.106987e-08
14.101000	1.300233e-08
14.102000	9.459486e-09
14.103000	1.010364e-08
14.104000	9.459486e-09
14.105000	9.459486e-09
14.106000	7.849101e-09
14.107000	6.88287e-09
14.108000	2.695867e-09
14.109000	4.413275e-10
14.110000	1.192504e-10
14.111000	-4.067752e-09
14.112000	-5.35606e-09
14.113000	-4.711906e-09
14.114000	-2.135289e-09
14.115000	-2.457366e-09
14.116000	-2.779444e-09
14.117000	-3.101521e-09
14.118000	-2.779444e-09
14.119000	-4.067752e-09
14.120000	-6.966446e-09
14.121000	-6.000215e-09
14.122000	-2.457366e-09
14.123000	-5.249038e-10
14.124000	-1.169058e-09
14.125000	-2.779444e-09
14.126000	-1.491135e-09
14.127000	-2.457366e-09
14.128000	-2.779444e-09
14.129000	-2.457366e-09
14.130000	-1.169058e-09
14.131000	-8.469809e-10
14.132000	-1.169058e-09
14.133000	-4.067752e-09
14.134000	-5.033983e-09
14.135000	-6.322292e-09
14.136000	-7.288523e-09
14.137000	-7.288523e-09
14.138000	-5.678137e-09
14.139000	-4.389829e-09
14.140000	-4.389829e-09
14.141000	-1.491135e-09
14.142000	-4.389829e-09
14.143000	-3.423598e-09
14.144000	-4.067752e-09
14.145000	-4.711906e-09
14.146000	-5.033983e-09
14.147000	-3.423598e-09
14.148000	-3.745675e-09
14.149000	-1.813212e-09
14.150000	-2.028267e-10
14.151000	-4.389829e-09
14.152000	-3.745675e-09
14.153000	-5.678137e-09
14.154000	-4.389829e-09
14.155000	-1.813212e-09
14.156000	-2.457366e-09
14.157000	-4.389829e-09
14.158000	-2.779444e-09
14.159000	-3.745675e-09
14.160000	-5.678137e-09
14.161000	-5.678137e-09
14.162000	-4.067752e-09
14.163000	-1.813212e-09
14.164000	-8.469809e-10
14.165000	-1.813212e-09
14.166000	-2.457366e-09
14.167000	-4.067752e-09
14.168000	-3.423598e-09
14.169000	-2.779444e-09
14.170000	-1.491135e-09
14.171000	-2.779444e-09
14.172000	1.192504e-10
14.173000	-8.469809e-10
14.174000	-1.813212e-09
14.175000	-2.779444e-09
14.176000	-2.457366e-09
14.177000	-3.423598e-09
14.178000	-3.423598e-09
14.179000	-5.033983e-09
14.180000	-3.745675e-09
14.181000	-1.813212e-09
14.182000	-3.745675e-09
14.183000	-6.644369e-09
14.184000	-5.35606e-09
14.185000	-4.067752e-09
14.186000	-3.101521e-09
14.187000	-2.779444e-09
14.188000	-2.779444e-09
14.189000	-6.644369e-09
14.190000	-1.813212e-09
14.191000	-5.033983e-09
14.192000	-4.711906e-09
14.193000	-3.423598e-09
14.194000	-1.491135e-09
14.195000	-1.813212e-09
14.196000	-1.491135e-09
14.197000	-1.813212e-09
14.198000	-3.423598e-09
14.199000	-5.35606e-09
14.200000	-5.35606e-09
14.201000	-3.423598e-09
14.202000	-2.779444e-09
14.203000	-1.813212e-09
14.204000	-8.469809e-10
14.205000	-2.135289e-09
14.206000	1.192504e-10
14.207000	-8.469809e-10
14.208000	-1.491135e-09
14.209000	-1.491135e-09
14.210000	-2.135289e-09
14.211000	-2.135289e-09
14.212000	4.413275e-10
14.213000	-2.457366e-09
14.214000	-4.711906e-09
14.215000	-4.067752e-09
14.216000	-6.322292e-09
14.217000	-5.678137e-09
14.218000	-5.35606e-09
14.219000	-3.423598e-09
14.220000	-4.067752e-09
14.221000	-3.423598e-09
14.222000	-6.322292e-09
14.223000	-6.322292e-09
14.224000	-8.576831e-09
14.225000	-5.35606e-09
14.226000	-2.457366e-09
14.227000	-3.101521e-09
14.228000	-5.033983e-09
14.229000	-3.423598e-09
14.230000	-5.249038e-10
14.231000	-5.35606e-09
14.232000	-6.322292e-09
14.233000	-2.779444e-09
14.234000	-2.135289e-09
14.235000	-1.813212e-09
14.236000	-2.457366e-09
14.237000	-3.101521e-09
14.238000	-2.779444e-09
14.239000	-2.779444e-09
14.240000	-5.033983e-09
14.241000	-5.033983e-09
14.242000	-2.457366e-09
14.243000	-1.491135e-09
14.244000	-2.135289e-09
14.245000	-1.813212e-09
14.246000	-1.491135e-09
14.247000	-1.813212e-09
14.248000	-1.813212e-09
14.249000	-2.135289e-09
14.250000	-1.491135e-09
14.251000	-2.135289e-09
14.252000	-2.028267e-10
14.253000	-1.491135e-09
14.254000	-1.169058e-09
14.255000	-1.169058e-09
14.256000	-4.389829e-09
14.257000	-6.966446e-09
14.258000	-4.711906e-09
14.259000	-3.101521e-09
14.260000	-2.135289e-09
14.261000	-1.491135e-09
14.262000	-4.067752e-09
14.263000	-6.966446e-09
14.264000	-6.322292e-09
14.265000	-5.033983e-09
14.266000	-2.779444e-09
14.267000	-4.389829e-09
14.268000	-4.711906e-09
14.269000	-2.779444e-09
14.270000	-6.000215e-09
14.271000	-5.35606e-09
14.272000	-4.389829e-09
14.273000	-3.423598e-09
14.274000	-3.423598e-09
14.275000	-1.169058e-09
14.276000	-2.028267e-10
14.277000	-3.423598e-09
14.278000	-2.135289e-09
14.279000	-4.389829e-09
14.280000	-5.678137e-09
14.281000	-3.423598e-09
14.282000	-1.813212e-09
14.283000	-5.249038e-10
14.284000	7.634046e-10
14.285000	-1.491135e-09
14.286000	-1.491135e-09
14.287000	-5.249038e-10
14.288000	-1.491135e-09
14.289000	-2.779444e-09
14.290000	-2.457366e-09
14.291000	-2.028267e-10
14.292000	-1.491135e-09
14.293000	-4.389829e-09
14.294000	-5.678137e-09
14.295000	-5.033983e-09
14.296000	-6.644369e-09
14.297000	-5.033983e-09
14.298000	-4.067752e-09
14.299000	-4.067752e-09
14.300000	-3.423598e-09
14.301000	-6.322292e-09
14.302000	-5.033983e-09
