***End_of_Header***
Time	Voltage
32.469000	-3.423598e-09
32.470000	-3.101521e-09
32.471000	-5.35606e-09
32.472000	-3.101521e-09
32.473000	-4.389829e-09
32.474000	-4.389829e-09
32.475000	-3.745675e-09
32.476000	-2.457366e-09
32.477000	-1.813212e-09
32.478000	-4.067752e-09
32.479000	-2.779444e-09
32.480000	-3.423598e-09
32.481000	-1.169058e-09
32.482000	-2.135289e-09
32.483000	-3.745675e-09
32.484000	-2.779444e-09
32.485000	-2.457366e-09
32.486000	-3.101521e-09
32.487000	-1.813212e-09
32.488000	-4.067752e-09
32.489000	-5.033983e-09
32.490000	-3.745675e-09
32.491000	-5.678137e-09
32.492000	-4.067752e-09
32.493000	-4.389829e-09
32.494000	-3.745675e-09
32.495000	-3.745675e-09
32.496000	-3.423598e-09
32.497000	-6.966446e-09
32.498000	-2.779444e-09
32.499000	-2.135289e-09
32.500000	-1.813212e-09
32.501000	-1.813212e-09
32.502000	-1.491135e-09
32.503000	-2.135289e-09
32.504000	-2.779444e-09
32.505000	-3.423598e-09
32.506000	-3.745675e-09
32.507000	-2.779444e-09
32.508000	-3.745675e-09
32.509000	-3.745675e-09
32.510000	-3.101521e-09
32.511000	-5.35606e-09
32.512000	-3.745675e-09
32.513000	-4.067752e-09
32.514000	-3.101521e-09
32.515000	-3.745675e-09
32.516000	-1.491135e-09
32.517000	-1.813212e-09
32.518000	-6.644369e-09
32.519000	1.598695e-07
32.520000	1.985187e-07
32.521000	1.386124e-07
32.522000	1.064047e-07
32.523000	8.740215e-08
32.524000	7.290868e-08
32.525000	5.744897e-08
32.526000	4.198927e-08
32.527000	2.975034e-08
32.528000	2.298672e-08
32.529000	2.105426e-08
32.530000	1.944388e-08
32.531000	1.783349e-08
32.532000	1.557895e-08
32.533000	1.171403e-08
32.534000	9.137409e-09
32.535000	5.648274e-08
32.536000	6.034767e-08
32.537000	6.517883e-08
32.538000	6.936583e-08
32.539000	7.323075e-08
32.540000	7.548529e-08
32.541000	7.612945e-08
32.542000	7.645152e-08
32.543000	7.580737e-08
32.544000	7.516322e-08
32.545000	7.194244e-08
32.546000	6.872167e-08
32.547000	6.453467e-08
32.548000	5.873728e-08
32.549000	4.971912e-08
32.550000	4.456589e-08
32.551000	3.941266e-08
32.552000	3.393735e-08
32.553000	2.846204e-08
32.554000	2.588542e-08
32.555000	2.169842e-08
32.556000	1.944388e-08
32.557000	1.590103e-08
32.558000	1.429064e-08
32.559000	1.525687e-08
32.560000	1.686726e-08
32.561000	1.429064e-08
32.562000	1.364649e-08
32.563000	1.654518e-08
32.564000	1.557895e-08
32.565000	1.235818e-08
32.566000	1.171403e-08
32.567000	9.137409e-09
32.568000	5.594561e-09
32.569000	2.37379e-09
32.570000	1.085482e-09
32.571000	-1.169058e-09
32.572000	-1.491135e-09
32.573000	-1.169058e-09
32.574000	-1.813212e-09
32.575000	-2.135289e-09
32.576000	-1.169058e-09
32.577000	-2.028267e-10
32.578000	-2.457366e-09
32.579000	-8.469809e-10
32.580000	-2.135289e-09
32.581000	-1.169058e-09
32.582000	-5.678137e-09
32.583000	-1.169058e-09
32.584000	-5.249038e-10
32.585000	-2.779444e-09
32.586000	-1.813212e-09
32.587000	-4.067752e-09
32.588000	-3.101521e-09
32.589000	-3.423598e-09
32.590000	-6.000215e-09
32.591000	-4.389829e-09
32.592000	-4.067752e-09
32.593000	-4.067752e-09
32.594000	-5.033983e-09
32.595000	-3.423598e-09
32.596000	-3.423598e-09
32.597000	-4.067752e-09
32.598000	-2.779444e-09
32.599000	-2.135289e-09
32.600000	-3.101521e-09
32.601000	-2.135289e-09
32.602000	-1.813212e-09
32.603000	-3.101521e-09
32.604000	-3.745675e-09
32.605000	-2.779444e-09
32.606000	-2.457366e-09
32.607000	-3.423598e-09
32.608000	-3.423598e-09
32.609000	-3.745675e-09
32.610000	-4.067752e-09
32.611000	-6.322292e-09
32.612000	-6.000215e-09
32.613000	-4.067752e-09
32.614000	-3.423598e-09
32.615000	-3.745675e-09
32.616000	-3.745675e-09
32.617000	-3.745675e-09
32.618000	-2.779444e-09
32.619000	-3.423598e-09
32.620000	-1.813212e-09
32.621000	-2.457366e-09
32.622000	-3.101521e-09
32.623000	-2.457366e-09
32.624000	-2.457366e-09
32.625000	-2.457366e-09
32.626000	-3.423598e-09
32.627000	-2.779444e-09
32.628000	-3.745675e-09
32.629000	-5.678137e-09
32.630000	-4.711906e-09
32.631000	-5.033983e-09
32.632000	-5.033983e-09
32.633000	-3.745675e-09
32.634000	-3.423598e-09
32.635000	-3.745675e-09
32.636000	-3.423598e-09
32.637000	-3.423598e-09
32.638000	-3.423598e-09
32.639000	-2.779444e-09
32.640000	-1.813212e-09
32.641000	-1.813212e-09
32.642000	-2.457366e-09
32.643000	-1.169058e-09
32.644000	-2.457366e-09
32.645000	-3.745675e-09
32.646000	-2.457366e-09
32.647000	-3.745675e-09
32.648000	-5.35606e-09
32.649000	-3.745675e-09
32.650000	-4.389829e-09
32.651000	-4.067752e-09
32.652000	-5.35606e-09
32.653000	-3.423598e-09
32.654000	-4.389829e-09
32.655000	-3.745675e-09
32.656000	-2.779444e-09
32.657000	-3.745675e-09
32.658000	-3.101521e-09
32.659000	-2.457366e-09
32.660000	-2.457366e-09
32.661000	-1.813212e-09
32.662000	-1.491135e-09
32.663000	-2.135289e-09
32.664000	-1.813212e-09
32.665000	-3.423598e-09
32.666000	-3.423598e-09
32.667000	-3.745675e-09
32.668000	-3.101521e-09
32.669000	-4.389829e-09
32.670000	-3.745675e-09
32.671000	-3.745675e-09
32.672000	-4.711906e-09
32.673000	-4.067752e-09
32.674000	-3.101521e-09
32.675000	-2.779444e-09
32.676000	-1.813212e-09
32.677000	-3.423598e-09
32.678000	-3.101521e-09
32.679000	-3.101521e-09
32.680000	-2.457366e-09
32.681000	-2.135289e-09
32.682000	-3.423598e-09
32.683000	-2.457366e-09
32.684000	-2.457366e-09
32.685000	-4.067752e-09
32.686000	-3.101521e-09
32.687000	-3.423598e-09
32.688000	-3.101521e-09
32.689000	-4.389829e-09
32.690000	-6.322292e-09
32.691000	-4.711906e-09
32.692000	-4.067752e-09
32.693000	-6.966446e-09
32.694000	-4.389829e-09
32.695000	-4.389829e-09
32.696000	-4.389829e-09
32.697000	-5.678137e-09
32.698000	-2.135289e-09
32.699000	-3.745675e-09
32.700000	-1.813212e-09
32.701000	-2.457366e-09
32.702000	-2.457366e-09
32.703000	-1.169058e-09
32.704000	-3.423598e-09
32.705000	-3.101521e-09
32.706000	-3.101521e-09
32.707000	-1.491135e-09
32.708000	-4.067752e-09
32.709000	-3.423598e-09
32.710000	-4.067752e-09
32.711000	-4.389829e-09
32.712000	-3.745675e-09
32.713000	-4.389829e-09
32.714000	-3.423598e-09
32.715000	-3.101521e-09
32.716000	-2.135289e-09
32.717000	-3.745675e-09
32.718000	-3.101521e-09
32.719000	-2.135289e-09
32.720000	-2.457366e-09
32.721000	-2.135289e-09
32.722000	-1.491135e-09
32.723000	-2.457366e-09
32.724000	-2.135289e-09
32.725000	-4.067752e-09
32.726000	-3.745675e-09
32.727000	-2.457366e-09
32.728000	-4.711906e-09
32.729000	-8.898909e-09
32.730000	-4.711906e-09
32.731000	-4.711906e-09
32.732000	-4.067752e-09
32.733000	-5.033983e-09
32.734000	-4.067752e-09
32.735000	-2.779444e-09
32.736000	-3.101521e-09
32.737000	-5.033983e-09
32.738000	-6.000215e-09
32.739000	-2.135289e-09
32.740000	-3.745675e-09
32.741000	-2.779444e-09
32.742000	-2.135289e-09
32.743000	-2.779444e-09
32.744000	-2.135289e-09
32.745000	-2.779444e-09
32.746000	-4.067752e-09
32.747000	-2.779444e-09
32.748000	-4.067752e-09
32.749000	-4.389829e-09
32.750000	-3.423598e-09
32.751000	-5.35606e-09
32.752000	-4.067752e-09
32.753000	-3.423598e-09
32.754000	-3.745675e-09
32.755000	-3.101521e-09
32.756000	-3.101521e-09
32.757000	-3.745675e-09
32.758000	-3.101521e-09
32.759000	-2.135289e-09
32.760000	-2.779444e-09
32.761000	-3.423598e-09
32.762000	-2.135289e-09
32.763000	-3.745675e-09
32.764000	-2.457366e-09
32.765000	-1.813212e-09
32.766000	-5.033983e-09
32.767000	-3.101521e-09
32.768000	-5.35606e-09
