***End_of_Header***
Time	Voltage
34.612000	-6.322292e-09
34.613000	-3.423598e-09
34.614000	-4.389829e-09
34.615000	-3.423598e-09
34.616000	-2.779444e-09
34.617000	-2.779444e-09
34.618000	-3.423598e-09
34.619000	-1.491135e-09
34.620000	-3.101521e-09
34.621000	-2.779444e-09
34.622000	-2.457366e-09
34.623000	-2.779444e-09
34.624000	-3.101521e-09
34.625000	-3.101521e-09
34.626000	-4.711906e-09
34.627000	-3.423598e-09
34.628000	-3.745675e-09
34.629000	-3.423598e-09
34.630000	-3.745675e-09
34.631000	-4.067752e-09
34.632000	-3.101521e-09
34.633000	-3.423598e-09
34.634000	-4.711906e-09
34.635000	-3.745675e-09
34.636000	-2.779444e-09
34.637000	-1.813212e-09
34.638000	-2.457366e-09
34.639000	-3.101521e-09
34.640000	-3.745675e-09
34.641000	-3.101521e-09
34.642000	-3.423598e-09
34.643000	-2.135289e-09
34.644000	-1.491135e-09
34.645000	-4.389829e-09
34.646000	-3.423598e-09
34.647000	-3.745675e-09
34.648000	-4.067752e-09
34.649000	-3.101521e-09
34.650000	-2.779444e-09
34.651000	-4.389829e-09
34.652000	-3.745675e-09
34.653000	-3.745675e-09
34.654000	-4.711906e-09
34.655000	-2.135289e-09
34.656000	-3.423598e-09
34.657000	-1.813212e-09
34.658000	-2.135289e-09
34.659000	1.192504e-10
34.660000	-1.169058e-09
34.661000	-1.491135e-09
34.662000	2.307265e-07
34.663000	1.563266e-07
34.664000	1.163891e-07
34.665000	9.030084e-08
34.666000	7.580737e-08
34.667000	6.260221e-08
34.668000	4.037889e-08
34.669000	2.781788e-08
34.670000	1.718934e-08
34.671000	1.815557e-08
34.672000	1.783349e-08
34.673000	1.622311e-08
34.674000	1.171403e-08
34.675000	2.695867e-09
34.676000	1.91218e-08
34.677000	3.683604e-08
34.678000	5.036328e-08
34.679000	5.970351e-08
34.680000	6.453467e-08
34.681000	7.226452e-08
34.682000	7.355283e-08
34.683000	7.516322e-08
34.684000	7.773983e-08
34.685000	7.419698e-08
34.686000	7.000998e-08
34.687000	6.872167e-08
34.688000	6.582298e-08
34.689000	6.389052e-08
34.690000	5.905936e-08
34.691000	5.326197e-08
34.692000	4.843082e-08
34.693000	4.134512e-08
34.694000	3.586981e-08
34.695000	3.03945e-08
34.696000	2.62075e-08
34.697000	2.491919e-08
34.698000	2.169842e-08
34.699000	2.073218e-08
34.700000	1.718934e-08
34.701000	1.718934e-08
34.702000	1.525687e-08
34.703000	1.461272e-08
34.704000	1.622311e-08
34.705000	1.557895e-08
34.706000	1.622311e-08
34.707000	1.429064e-08
34.708000	1.429064e-08
34.709000	1.074779e-08
34.710000	8.493255e-09
34.711000	3.984176e-09
34.712000	2.051713e-09
34.713000	1.407559e-09
34.714000	-5.249038e-10
34.715000	7.634046e-10
34.716000	1.192504e-10
34.717000	-2.028267e-10
34.718000	-8.469809e-10
34.719000	-8.469809e-10
34.720000	-1.169058e-09
34.721000	-1.169058e-09
34.722000	-1.491135e-09
34.723000	-2.135289e-09
34.724000	-2.028267e-10
34.725000	-2.457366e-09
34.726000	-2.779444e-09
34.727000	-3.101521e-09
34.728000	-3.101521e-09
34.729000	-3.423598e-09
34.730000	-4.067752e-09
34.731000	-4.711906e-09
34.732000	-1.813212e-09
34.733000	-3.423598e-09
34.734000	-7.6106e-09
34.735000	-1.813212e-09
34.736000	-2.779444e-09
34.737000	-2.779444e-09
34.738000	-1.813212e-09
34.739000	-1.813212e-09
34.740000	-3.423598e-09
34.741000	-1.491135e-09
34.742000	-2.457366e-09
34.743000	-3.423598e-09
34.744000	-2.457366e-09
34.745000	-2.457366e-09
34.746000	-2.457366e-09
34.747000	-4.067752e-09
34.748000	-3.101521e-09
34.749000	-4.067752e-09
34.750000	-2.779444e-09
34.751000	-5.033983e-09
34.752000	-4.389829e-09
34.753000	-3.101521e-09
34.754000	-4.711906e-09
34.755000	-2.457366e-09
34.756000	-3.745675e-09
34.757000	-8.469809e-10
34.758000	-2.457366e-09
34.759000	-4.067752e-09
34.760000	-2.457366e-09
34.761000	-1.491135e-09
34.762000	-1.813212e-09
34.763000	-1.813212e-09
34.764000	-2.457366e-09
34.765000	-2.779444e-09
34.766000	-2.779444e-09
34.767000	-4.067752e-09
34.768000	-3.423598e-09
34.769000	-4.389829e-09
34.770000	-4.711906e-09
34.771000	-4.067752e-09
34.772000	-3.423598e-09
34.773000	-3.745675e-09
34.774000	-6.644369e-09
34.775000	-2.135289e-09
34.776000	-3.423598e-09
34.777000	-2.457366e-09
34.778000	-1.169058e-09
34.779000	-2.457366e-09
34.780000	-3.101521e-09
34.781000	-5.249038e-10
34.782000	-3.101521e-09
34.783000	-3.423598e-09
34.784000	-1.491135e-09
34.785000	-3.745675e-09
34.786000	-3.423598e-09
34.787000	-3.101521e-09
34.788000	-4.067752e-09
34.789000	-4.067752e-09
34.790000	-3.101521e-09
34.791000	-3.745675e-09
34.792000	-3.423598e-09
34.793000	-3.101521e-09
34.794000	-5.35606e-09
34.795000	-3.101521e-09
34.796000	-2.457366e-09
34.797000	-2.135289e-09
34.798000	-2.779444e-09
34.799000	-2.135289e-09
34.800000	-3.101521e-09
34.801000	-1.491135e-09
34.802000	-1.169058e-09
34.803000	-2.457366e-09
34.804000	-8.469809e-10
34.805000	-2.457366e-09
34.806000	-3.101521e-09
34.807000	-4.389829e-09
34.808000	-3.423598e-09
34.809000	-3.423598e-09
34.810000	-3.101521e-09
34.811000	-4.711906e-09
34.812000	-2.457366e-09
34.813000	-3.101521e-09
34.814000	-4.389829e-09
34.815000	-4.389829e-09
34.816000	-4.067752e-09
34.817000	-1.169058e-09
34.818000	-2.779444e-09
34.819000	-3.423598e-09
34.820000	-2.135289e-09
34.821000	-2.135289e-09
34.822000	-3.423598e-09
34.823000	-2.135289e-09
34.824000	-8.469809e-10
34.825000	-3.101521e-09
34.826000	-3.101521e-09
34.827000	-4.389829e-09
34.828000	-3.423598e-09
34.829000	-3.423598e-09
34.830000	-3.101521e-09
34.831000	-4.389829e-09
34.832000	-3.745675e-09
34.833000	-3.745675e-09
34.834000	-5.033983e-09
34.835000	-4.067752e-09
34.836000	-3.423598e-09
34.837000	-2.457366e-09
34.838000	-3.101521e-09
34.839000	-2.779444e-09
34.840000	-2.779444e-09
34.841000	-1.813212e-09
34.842000	-2.457366e-09
34.843000	-1.813212e-09
34.844000	-1.813212e-09
34.845000	-2.779444e-09
34.846000	-3.101521e-09
34.847000	-4.389829e-09
34.848000	-3.423598e-09
34.849000	-4.067752e-09
34.850000	-4.067752e-09
34.851000	-3.745675e-09
34.852000	-3.101521e-09
34.853000	-4.389829e-09
34.854000	-4.067752e-09
34.855000	-5.678137e-09
34.856000	-3.423598e-09
34.857000	-2.457366e-09
34.858000	-2.779444e-09
34.859000	-4.067752e-09
34.860000	-2.457366e-09
34.861000	-1.813212e-09
34.862000	-2.457366e-09
34.863000	-4.067752e-09
34.864000	-8.469809e-10
34.865000	-2.779444e-09
34.866000	-4.067752e-09
34.867000	-3.745675e-09
34.868000	-4.067752e-09
34.869000	-4.067752e-09
34.870000	-3.745675e-09
34.871000	-5.033983e-09
34.872000	-3.423598e-09
34.873000	-4.067752e-09
34.874000	-2.779444e-09
34.875000	-3.101521e-09
34.876000	-4.389829e-09
34.877000	-2.779444e-09
34.878000	-2.779444e-09
34.879000	-2.457366e-09
34.880000	-3.423598e-09
34.881000	-8.469809e-10
34.882000	-2.135289e-09
34.883000	-2.779444e-09
34.884000	-1.813212e-09
34.885000	-2.779444e-09
34.886000	-3.101521e-09
34.887000	-3.745675e-09
34.888000	-4.067752e-09
34.889000	-4.067752e-09
34.890000	-3.423598e-09
34.891000	-4.067752e-09
34.892000	-3.423598e-09
34.893000	-2.779444e-09
34.894000	-4.389829e-09
34.895000	-4.389829e-09
34.896000	-4.067752e-09
34.897000	-1.169058e-09
34.898000	-2.135289e-09
34.899000	-2.457366e-09
34.900000	-1.813212e-09
34.901000	-1.813212e-09
34.902000	-3.101521e-09
34.903000	-1.169058e-09
34.904000	-1.491135e-09
34.905000	-3.101521e-09
34.906000	-2.457366e-09
34.907000	-4.067752e-09
34.908000	-4.389829e-09
34.909000	-3.745675e-09
34.910000	-3.745675e-09
34.911000	-5.35606e-09
