***End_of_Header***
Time	Voltage
6.971000	-5.35606e-10
6.972000	-4.067752e-10
6.973000	-2.457366e-10
6.974000	2.695867e-10
6.975000	-2.028267e-11
6.976000	3.662099e-10
6.977000	3.662099e-10
6.978000	1.729636e-10
6.979000	-2.457366e-10
6.980000	-4.389829e-10
6.981000	-2.135289e-10
6.982000	-2.135289e-10
6.983000	-4.711906e-10
6.984000	-8.254754e-10
6.985000	-8.254754e-10
6.986000	-9.543063e-10
6.987000	-1.17976e-09
6.988000	-9.220986e-10
6.989000	-4.389829e-10
6.990000	-3.745675e-10
6.991000	-2.779444e-10
6.992000	-2.457366e-10
6.993000	-4.389829e-10
6.994000	4.413275e-11
6.995000	1.729636e-10
6.996000	4.306253e-10
6.997000	3.662099e-10
6.998000	-2.457366e-10
6.999000	-2.779444e-10
7.000000	-1.491135e-10
7.001000	-3.101521e-10
7.002000	-3.423598e-10
7.003000	-3.101521e-10
7.004000	-5.678137e-10
7.005000	-7.932677e-10
7.006000	-1.018722e-09
7.007000	-1.115345e-09
7.008000	-7.288523e-10
7.009000	-2.457366e-10
7.010000	-5.033983e-10
7.011000	-3.101521e-10
7.012000	-2.457366e-10
7.013000	-2.457366e-10
7.014000	1.407559e-10
7.015000	2.051713e-10
7.016000	6.238715e-10
7.017000	3.984176e-10
7.018000	4.413275e-11
7.019000	-1.169058e-10
7.020000	1.624461e-08
7.021000	2.407108e-08
7.022000	2.925653e-08
7.023000	3.25095e-08
7.024000	3.466742e-08
7.025000	3.618118e-08
7.026000	3.492508e-08
7.027000	3.521495e-08
7.028000	3.631001e-08
7.029000	3.685755e-08
7.030000	3.341132e-08
7.031000	3.102795e-08
7.032000	2.83225e-08
7.033000	2.626121e-08
7.034000	2.394225e-08
7.035000	2.004512e-08
7.036000	1.798383e-08
7.037000	1.679214e-08
7.038000	1.637344e-08
7.039000	1.637344e-08
7.040000	1.605136e-08
7.041000	1.572929e-08
7.042000	1.543942e-08
7.043000	1.518176e-08
7.044000	1.511734e-08
7.045000	1.550383e-08
7.046000	1.53428e-08
7.047000	1.553604e-08
7.048000	1.553604e-08
7.049000	1.547163e-08
7.050000	1.601916e-08
7.051000	1.595474e-08
7.052000	1.589033e-08
7.053000	1.595474e-08
7.054000	1.61802e-08
7.055000	1.556825e-08
7.056000	1.547163e-08
7.057000	1.547163e-08
7.058000	1.476306e-08
7.059000	1.399007e-08
7.060000	1.263735e-08
7.061000	1.189657e-08
7.062000	1.102696e-08
7.063000	9.9319e-09
7.064000	8.965669e-09
7.065000	8.450345e-09
7.066000	7.484114e-09
7.067000	7.226452e-09
7.068000	6.678921e-09
7.069000	6.099182e-09
7.070000	5.744897e-09
7.071000	5.519444e-09
7.072000	5.455028e-09
7.073000	5.616067e-09
7.074000	5.905936e-09
7.075000	5.551651e-09
7.076000	5.487236e-09
7.077000	5.00412e-09
7.078000	4.198927e-09
7.079000	4.070097e-09
7.080000	3.87685e-09
7.081000	3.522565e-09
7.082000	3.136073e-09
7.083000	2.846204e-09
7.084000	2.459711e-09
7.085000	2.008803e-09
7.086000	1.429064e-09
7.087000	1.686726e-09
7.088000	2.041011e-09
7.089000	1.49348e-09
7.090000	1.235818e-09
7.091000	1.396857e-09
7.092000	1.106987e-09
7.093000	1.139195e-09
7.094000	1.751141e-09
7.095000	1.783349e-09
7.096000	1.751141e-09
7.097000	1.686726e-09
7.098000	1.364649e-09
7.099000	1.590103e-09
7.100000	1.429064e-09
7.101000	1.300233e-09
7.102000	1.139195e-09
7.103000	7.849101e-10
7.104000	4.62833e-10
7.105000	5.272484e-10
7.106000	4.950407e-10
7.107000	2.695867e-10
7.108000	6.238715e-10
7.109000	3.340021e-10
7.110000	2.051713e-10
7.111000	5.272484e-10
7.112000	8.171178e-10
7.113000	9.459486e-10
7.114000	1.171403e-09
7.115000	1.300233e-09
7.116000	1.49348e-09
7.117000	1.106987e-09
7.118000	1.20361e-09
7.119000	1.332441e-09
7.120000	8.171178e-10
7.121000	8.171178e-10
7.122000	7.204947e-10
7.123000	5.272484e-10
7.124000	1.085482e-10
7.125000	4.306253e-10
7.126000	4.413275e-11
7.127000	1.192504e-11
7.128000	4.62833e-10
7.129000	2.695867e-10
7.130000	3.017944e-10
7.131000	3.017944e-10
7.132000	5.594561e-10
7.133000	6.560792e-10
7.134000	9.137409e-10
7.135000	1.20361e-09
7.136000	1.461272e-09
7.137000	1.300233e-09
7.138000	7.204947e-10
7.139000	6.88287e-10
7.140000	7.849101e-10
7.141000	6.88287e-10
7.142000	8.171178e-10
7.143000	7.204947e-10
7.144000	3.340021e-10
7.145000	2.37379e-10
7.146000	7.634046e-11
7.147000	4.413275e-11
7.148000	6.238715e-10
7.149000	4.306253e-10
7.150000	2.695867e-10
7.151000	3.340021e-10
7.152000	1.407559e-10
7.153000	2.051713e-10
7.154000	9.781563e-10
7.155000	1.010364e-09
7.156000	1.139195e-09
7.157000	1.139195e-09
7.158000	6.88287e-10
7.159000	6.88287e-10
7.160000	8.815332e-10
7.161000	9.459486e-10
7.162000	9.137409e-10
7.163000	4.62833e-10
7.164000	2.37379e-10
7.165000	2.051713e-10
7.166000	1.085482e-10
7.167000	-1.169058e-10
7.168000	1.729636e-10
7.169000	1.407559e-10
7.170000	1.085482e-10
7.171000	7.634046e-11
7.172000	1.085482e-10
7.173000	4.950407e-10
7.174000	9.459486e-10
7.175000	7.849101e-10
7.176000	8.815332e-10
7.177000	1.010364e-09
7.178000	2.37379e-10
7.179000	6.238715e-10
7.180000	6.560792e-10
7.181000	5.916638e-10
7.182000	5.272484e-10
7.183000	3.017944e-10
7.184000	4.413275e-11
7.185000	-1.491135e-10
7.186000	-6.644369e-10
7.187000	-5.35606e-10
7.188000	2.051713e-10
7.189000	-5.249038e-11
7.190000	4.306253e-10
7.191000	3.340021e-10
7.192000	4.306253e-10
7.193000	3.984176e-10
7.194000	8.171178e-10
7.195000	9.137409e-10
7.196000	8.815332e-10
7.197000	9.137409e-10
7.198000	3.017944e-10
7.199000	2.37379e-10
7.200000	7.634046e-11
7.201000	1.085482e-10
7.202000	3.662099e-10
7.203000	2.051713e-10
7.204000	-6.644369e-10
7.205000	-2.779444e-10
7.206000	-3.101521e-10
7.207000	-8.576831e-10
7.208000	1.192504e-11
7.209000	1.407559e-10
7.210000	2.051713e-10
7.211000	1.192504e-11
7.212000	1.085482e-10
7.213000	5.272484e-10
7.214000	7.849101e-10
7.215000	5.594561e-10
7.216000	1.042572e-09
7.217000	9.137409e-10
7.218000	1.407559e-10
7.219000	-5.249038e-11
7.220000	7.634046e-11
7.221000	-5.249038e-11
7.222000	-1.813212e-10
7.223000	-1.491135e-10
7.224000	-4.067752e-10
7.225000	-6.966446e-10
7.226000	-7.932677e-10
7.227000	-7.6106e-10
7.228000	4.413275e-11
7.229000	-1.813212e-10
7.230000	-5.033983e-10
7.231000	-3.423598e-10
7.232000	-6.322292e-10
7.233000	-3.101521e-10
7.234000	3.984176e-10
7.235000	3.340021e-10
7.236000	3.984176e-10
7.237000	6.238715e-10
7.238000	7.634046e-11
7.239000	-5.678137e-10
7.240000	-8.469809e-11
7.241000	4.413275e-11
7.242000	1.192504e-11
7.243000	1.192504e-11
7.244000	-5.033983e-10
7.245000	-3.423598e-10
7.246000	-6.000215e-10
7.247000	3.984176e-10
7.248000	1.718934e-09
7.249000	2.137634e-09
7.250000	2.459711e-09
7.251000	2.105426e-09
7.252000	1.783349e-09
7.253000	1.268026e-09
7.254000	1.396857e-09
7.255000	8.815332e-10
7.256000	8.171178e-10
7.257000	7.849101e-10
7.258000	6.238715e-10
7.259000	6.560792e-10
7.260000	3.340021e-10
7.261000	4.413275e-11
7.262000	-2.457366e-10
7.263000	-6.644369e-10
7.264000	-1.050929e-09
7.265000	-8.576831e-10
7.266000	-8.576831e-10
7.267000	-1.17976e-09
7.268000	-8.254754e-10
7.269000	-7.6106e-10
7.270000	-5.033983e-10
7.271000	-5.033983e-10
7.272000	-3.745675e-10
7.273000	2.695867e-10
7.274000	5.272484e-10
7.275000	1.729636e-10
7.276000	4.306253e-10
7.277000	3.984176e-10
7.278000	-2.135289e-10
7.279000	7.634046e-11
7.280000	1.192504e-11
7.281000	-2.028267e-11
7.282000	-2.779444e-10
7.283000	-5.678137e-10
7.284000	-8.254754e-10
7.285000	-7.932677e-10
7.286000	-6.000215e-10
7.287000	-4.711906e-10
7.288000	-1.813212e-10
7.289000	-5.033983e-10
7.290000	-4.389829e-10
7.291000	-4.711906e-10
7.292000	-3.101521e-10
7.293000	1.729636e-10
7.294000	3.340021e-10
7.295000	1.729636e-10
7.296000	5.916638e-10
7.297000	3.984176e-10
7.298000	3.662099e-10
7.299000	6.88287e-10
7.300000	1.407559e-10
7.301000	1.192504e-11
7.302000	-2.135289e-10
7.303000	-2.135289e-10
7.304000	-7.6106e-10
7.305000	-6.966446e-10
7.306000	-7.6106e-10
7.307000	-1.018722e-09
7.308000	-1.018722e-09
7.309000	-1.018722e-09
7.310000	-6.000215e-10
7.311000	-8.254754e-10
7.312000	-7.288523e-10
7.313000	-4.711906e-10
7.314000	1.192504e-11
7.315000	-1.169058e-10
7.316000	3.984176e-10
7.317000	2.695867e-10
7.318000	7.634046e-11
7.319000	3.340021e-10
7.320000	1.085482e-10
7.321000	1.192504e-11
7.322000	-2.457366e-10
7.323000	-3.745675e-10
7.324000	-9.220986e-10
7.325000	-7.6106e-10
7.326000	-7.932677e-10
7.327000	-1.018722e-09
7.328000	-6.322292e-10
7.329000	-8.576831e-10
7.330000	-4.389829e-10
7.331000	-5.678137e-10
7.332000	-1.491135e-10
7.333000	3.340021e-10
7.334000	6.560792e-10
7.335000	1.407559e-10
7.336000	3.340021e-10
7.337000	5.272484e-10
7.338000	1.729636e-10
7.339000	3.340021e-10
7.340000	7.634046e-11
7.341000	-1.169058e-10
7.342000	-4.711906e-10
7.343000	-6.644369e-10
7.344000	-9.543063e-10
7.345000	-8.898909e-10
7.346000	-8.898909e-10
7.347000	-8.254754e-10
7.348000	-6.644369e-10
7.349000	-6.322292e-10
7.350000	-2.779444e-10
7.351000	-1.813212e-10
7.352000	-2.779444e-10
7.353000	-1.813212e-10
7.354000	3.984176e-10
7.355000	2.695867e-10
7.356000	3.017944e-10
7.357000	2.695867e-10
7.358000	1.407559e-10
7.359000	4.413275e-11
7.360000	-4.711906e-10
7.361000	-3.423598e-10
7.362000	-2.457366e-10
7.363000	-5.678137e-10
7.364000	-7.6106e-10
7.365000	-7.288523e-10
7.366000	-7.288523e-10
7.367000	-1.276383e-09
7.368000	-7.6106e-10
7.369000	-4.711906e-10
7.370000	-3.101521e-10
