***End_of_Header***
Time	Voltage
60.061000	-2.457366e-09
60.062000	-1.813212e-09
60.063000	-2.135289e-09
60.064000	-4.067752e-09
60.065000	-4.389829e-09
60.066000	-4.067752e-09
60.067000	-5.35606e-09
60.068000	-3.745675e-09
60.069000	-4.067752e-09
60.070000	-3.423598e-09
60.071000	-3.423598e-09
60.072000	-3.101521e-09
60.073000	-1.813212e-09
60.074000	1.192504e-10
60.075000	-1.491135e-09
60.076000	1.192504e-10
60.077000	-5.249038e-10
60.078000	-3.745675e-09
60.079000	-2.457366e-09
60.080000	-3.423598e-09
60.081000	-1.813212e-09
60.082000	-8.469809e-10
60.083000	-2.135289e-09
60.084000	-2.779444e-09
60.085000	-2.135289e-09
60.086000	-1.813212e-09
60.087000	-4.067752e-09
60.088000	-2.779444e-09
60.089000	-4.389829e-09
60.090000	-3.101521e-09
60.091000	-4.711906e-09
60.092000	-2.457366e-09
60.093000	-4.711906e-09
60.094000	-5.678137e-09
60.095000	-3.423598e-09
60.096000	-5.678137e-09
60.097000	-2.135289e-09
60.098000	-2.457366e-09
60.099000	-8.469809e-10
60.100000	-2.135289e-09
60.101000	-1.491135e-09
60.102000	-2.779444e-09
60.103000	-5.678137e-09
60.104000	-2.135289e-09
60.105000	-3.423598e-09
60.106000	-2.779444e-09
60.107000	-4.389829e-09
60.108000	-2.779444e-09
60.109000	-9.86514e-09
60.110000	-6.000215e-09
60.111000	4.130221e-07
60.112000	3.589131e-07
60.113000	2.362018e-07
60.114000	1.572929e-07
60.115000	1.305605e-07
60.116000	1.228306e-07
60.117000	1.189657e-07
60.118000	1.237969e-07
60.119000	1.16067e-07
60.120000	1.031839e-07
60.121000	9.191122e-08
60.122000	7.773983e-08
60.123000	6.163598e-08
60.124000	4.971912e-08
60.125000	3.812435e-08
60.126000	3.651396e-08
60.127000	4.58542e-08
60.128000	5.197366e-08
60.129000	5.326197e-08
60.130000	5.326197e-08
60.131000	5.29399e-08
60.132000	5.197366e-08
60.133000	5.036328e-08
60.134000	4.682043e-08
60.135000	3.399106e-07
60.136000	2.133343e-07
60.137000	1.463423e-07
60.138000	1.151008e-07
60.139000	1.038281e-07
60.140000	9.5132e-08
60.141000	8.579176e-08
60.142000	7.838399e-08
60.143000	6.646713e-08
60.144000	6.743336e-08
60.145000	5.616067e-08
60.146000	2.813996e-08
60.147000	1.686726e-08
60.148000	1.074779e-08
60.149000	7.527024e-09
60.150000	3.984176e-09
60.151000	3.662099e-09
60.152000	3.662099e-09
60.153000	2.695867e-09
60.154000	1.729636e-09
60.155000	7.634046e-10
60.156000	2.051713e-09
60.157000	1.729636e-09
60.158000	4.62833e-09
60.159000	2.051713e-09
60.160000	3.662099e-09
60.161000	4.950407e-09
60.162000	6.560792e-09
60.163000	7.527024e-09
60.164000	7.527024e-09
60.165000	1.192504e-10
60.166000	6.88287e-09
60.167000	8.493255e-09
60.168000	7.849101e-09
60.169000	1.074779e-08
60.170000	1.139195e-08
60.171000	6.743336e-08
60.172000	4.843082e-08
60.173000	1.976595e-08
60.174000	1.171403e-08
60.175000	9.137409e-09
60.176000	8.171178e-09
60.177000	6.238715e-09
60.178000	8.815332e-09
60.179000	9.137409e-09
60.180000	6.560792e-09
60.181000	5.916638e-09
60.182000	6.560792e-09
60.183000	4.950407e-09
60.184000	5.272484e-09
60.185000	6.560792e-09
60.186000	6.560792e-09
60.187000	4.950407e-09
60.188000	2.37379e-09
60.189000	3.017944e-09
60.190000	2.695867e-09
60.191000	3.662099e-09
60.192000	5.594561e-09
60.193000	4.62833e-09
60.194000	6.238715e-09
60.195000	4.950407e-09
60.196000	3.984176e-09
60.197000	3.017944e-09
60.198000	3.017944e-09
60.199000	-2.028267e-10
60.200000	4.413275e-10
60.201000	-2.457366e-09
60.202000	-3.423598e-09
60.203000	-3.423598e-09
60.204000	-4.711906e-09
60.205000	-4.711906e-09
60.206000	-5.678137e-09
60.207000	-6.000215e-09
60.208000	-6.966446e-09
60.209000	-6.322292e-09
60.210000	-6.644369e-09
60.211000	-5.35606e-09
60.212000	-6.322292e-09
60.213000	-6.000215e-09
60.214000	-5.033983e-09
60.215000	-3.745675e-09
60.216000	-4.067752e-09
60.217000	-3.745675e-09
60.218000	-2.779444e-09
60.219000	-2.135289e-09
60.220000	-2.135289e-09
60.221000	-4.067752e-09
60.222000	-3.101521e-09
60.223000	-4.711906e-09
60.224000	-4.389829e-09
60.225000	-2.779444e-09
60.226000	-3.745675e-09
60.227000	-3.101521e-09
60.228000	-2.135289e-09
60.229000	-3.423598e-09
60.230000	-4.389829e-09
60.231000	-3.423598e-09
60.232000	-2.135289e-09
60.233000	-1.813212e-09
60.234000	-2.779444e-09
60.235000	-4.067752e-09
60.236000	-4.067752e-09
60.237000	-3.423598e-09
60.238000	-1.169058e-09
60.239000	-2.457366e-09
60.240000	-2.135289e-09
60.241000	-1.813212e-09
60.242000	-1.169058e-09
60.243000	4.413275e-10
60.244000	-5.249038e-10
60.245000	-5.249038e-10
60.246000	-5.249038e-10
60.247000	-5.249038e-10
60.248000	-6.644369e-09
60.249000	-2.779444e-09
60.250000	-4.067752e-09
60.251000	-4.389829e-09
60.252000	-4.389829e-09
60.253000	-6.000215e-09
60.254000	-2.779444e-09
60.255000	-5.033983e-09
60.256000	-4.389829e-09
60.257000	-3.101521e-09
60.258000	-3.745675e-09
60.259000	-3.745675e-09
60.260000	-3.745675e-09
60.261000	-4.067752e-09
60.262000	-5.35606e-09
60.263000	-4.711906e-09
60.264000	-1.018722e-08
60.265000	-6.000215e-09
60.266000	-6.000215e-09
60.267000	-6.000215e-09
60.268000	-5.35606e-09
60.269000	-5.033983e-09
60.270000	-6.000215e-09
60.271000	-4.389829e-09
60.272000	-5.033983e-09
60.273000	-3.423598e-09
60.274000	-2.135289e-09
60.275000	-4.711906e-09
60.276000	-2.779444e-09
60.277000	-5.033983e-09
60.278000	-4.067752e-09
60.279000	-4.067752e-09
60.280000	-1.813212e-09
60.281000	-1.813212e-09
60.282000	-1.169058e-09
60.283000	-8.469809e-10
60.284000	-1.491135e-09
60.285000	-1.169058e-09
60.286000	-1.491135e-09
60.287000	-1.813212e-09
60.288000	-3.745675e-09
60.289000	-5.033983e-09
60.290000	-3.745675e-09
60.291000	-4.711906e-09
60.292000	-3.101521e-09
60.293000	-4.711906e-09
60.294000	-2.135289e-09
60.295000	-3.423598e-09
60.296000	-1.813212e-09
60.297000	-2.457366e-09
60.298000	-2.779444e-09
60.299000	-3.423598e-09
60.300000	-2.457366e-09
60.301000	-3.101521e-09
60.302000	-2.779444e-09
60.303000	-5.033983e-09
60.304000	-4.389829e-09
60.305000	-4.067752e-09
60.306000	-4.711906e-09
60.307000	-5.35606e-09
60.308000	-4.389829e-09
60.309000	-5.35606e-09
60.310000	-4.389829e-09
60.311000	-4.389829e-09
60.312000	-5.033983e-09
60.313000	-3.101521e-09
60.314000	-2.135289e-09
60.315000	-4.389829e-09
60.316000	-4.389829e-09
60.317000	-2.135289e-09
60.318000	-2.779444e-09
60.319000	7.634046e-10
60.320000	-2.779444e-09
60.321000	-2.779444e-09
60.322000	-2.135289e-09
60.323000	-1.169058e-09
60.324000	-2.135289e-09
60.325000	-1.169058e-09
60.326000	-1.491135e-09
60.327000	-1.813212e-09
60.328000	-3.745675e-09
60.329000	-4.711906e-09
60.330000	-3.745675e-09
60.331000	-2.779444e-09
60.332000	-2.779444e-09
60.333000	-3.745675e-09
60.334000	-2.135289e-09
60.335000	-4.067752e-09
60.336000	-4.067752e-09
60.337000	-3.745675e-09
60.338000	-1.813212e-09
60.339000	-1.169058e-09
60.340000	-3.101521e-09
60.341000	-4.067752e-09
60.342000	-3.101521e-09
60.343000	-3.423598e-09
60.344000	-5.678137e-09
60.345000	-5.35606e-09
60.346000	-6.644369e-09
60.347000	-5.678137e-09
60.348000	-3.101521e-09
60.349000	-4.389829e-09
60.350000	-5.35606e-09
60.351000	-4.067752e-09
60.352000	-4.711906e-09
60.353000	-3.745675e-09
60.354000	-2.779444e-09
60.355000	-3.423598e-09
60.356000	-2.779444e-09
60.357000	-2.457366e-09
60.358000	-3.423598e-09
60.359000	-5.249038e-10
60.360000	-2.135289e-09
60.361000	-2.457366e-09
60.362000	-8.469809e-10
60.363000	-1.491135e-09
60.364000	-1.813212e-09
60.365000	-6.966446e-09
60.366000	-1.491135e-09
60.367000	-3.101521e-09
60.368000	-5.678137e-09
60.369000	-5.35606e-09
60.370000	-6.000215e-09
60.371000	-3.101521e-09
60.372000	-6.000215e-09
60.373000	-3.101521e-09
60.374000	-2.028267e-10
60.375000	-3.423598e-09
60.376000	-2.779444e-09
60.377000	-2.135289e-09
60.378000	-3.101521e-09
60.379000	-2.135289e-09
60.380000	-2.457366e-09
60.381000	-2.457366e-09
60.382000	-3.745675e-09
60.383000	-4.389829e-09
60.384000	-4.067752e-09
60.385000	-3.423598e-09
60.386000	-3.423598e-09
60.387000	-3.745675e-09
60.388000	-2.779444e-09
60.389000	-5.678137e-09
60.390000	-3.745675e-09
60.391000	-5.678137e-09
60.392000	-4.711906e-09
60.393000	-4.067752e-09
60.394000	-3.423598e-09
60.395000	-2.779444e-09
60.396000	-3.101521e-09
60.397000	-2.779444e-09
60.398000	-2.135289e-09
60.399000	-5.249038e-10
60.400000	-1.813212e-09
60.401000	-2.779444e-09
60.402000	-8.469809e-10
60.403000	-1.813212e-09
60.404000	-1.491135e-09
60.405000	-5.35606e-09
60.406000	-3.745675e-09
60.407000	-3.101521e-09
60.408000	-5.033983e-09
60.409000	-4.389829e-09
60.410000	-4.389829e-09
60.411000	-2.457366e-09
60.412000	-1.813212e-09
60.413000	-1.169058e-09
60.414000	-5.249038e-10
60.415000	-3.423598e-09
60.416000	-1.813212e-09
60.417000	-1.491135e-09
60.418000	-1.813212e-09
60.419000	-1.169058e-09
60.420000	-2.457366e-09
60.421000	-3.101521e-09
60.422000	-2.135289e-09
60.423000	-2.779444e-09
60.424000	-2.135289e-09
60.425000	-2.135289e-09
60.426000	-2.135289e-09
60.427000	-3.101521e-09
60.428000	-3.745675e-09
60.429000	-4.711906e-09
60.430000	-3.745675e-09
60.431000	-2.457366e-09
60.432000	-4.067752e-09
60.433000	-6.000215e-09
60.434000	-5.033983e-09
60.435000	-5.033983e-09
60.436000	-4.389829e-09
60.437000	-2.779444e-09
60.438000	-3.101521e-09
60.439000	-2.779444e-09
60.440000	-1.813212e-09
60.441000	-2.135289e-09
60.442000	-6.644369e-09
60.443000	-2.457366e-09
60.444000	-4.711906e-09
60.445000	-3.745675e-09
60.446000	-5.033983e-09
60.447000	-5.35606e-09
60.448000	-3.745675e-09
60.449000	-5.033983e-09
60.450000	-4.711906e-09
60.451000	-2.779444e-09
60.452000	-2.457366e-09
60.453000	-2.135289e-09
60.454000	-1.169058e-09
60.455000	-1.169058e-09
60.456000	-5.249038e-10
60.457000	-2.135289e-09
60.458000	-1.813212e-09
60.459000	-1.491135e-09
60.460000	-1.491135e-09
