***End_of_Header***
Time	Voltage
72.844000	-8.469809e-11
72.845000	-5.033983e-10
72.846000	-6.966446e-10
72.847000	-1.018722e-09
72.848000	-1.17976e-09
72.849000	-1.211968e-09
72.850000	-1.115345e-09
72.851000	-5.35606e-10
72.852000	-6.644369e-10
72.853000	-8.898909e-10
72.854000	-5.678137e-10
72.855000	-3.101521e-10
72.856000	-2.135289e-10
72.857000	-2.135289e-10
72.858000	4.62833e-10
72.859000	6.560792e-10
72.860000	6.88287e-10
72.861000	7.634046e-11
72.862000	7.634046e-11
72.863000	7.634046e-11
72.864000	1.192504e-11
72.865000	-2.779444e-10
72.866000	-8.576831e-10
72.867000	-7.932677e-10
72.868000	-9.543063e-10
72.869000	-1.115345e-09
72.870000	-1.147553e-09
72.871000	-5.033983e-10
72.872000	-4.389829e-10
72.873000	-8.898909e-10
72.874000	-6.322292e-10
72.875000	-5.678137e-10
72.876000	-1.813212e-10
72.877000	-1.169058e-10
72.878000	2.051713e-10
72.879000	3.984176e-10
72.880000	6.238715e-10
72.881000	-5.249038e-11
72.882000	-2.135289e-10
72.883000	-2.028267e-11
72.884000	7.634046e-11
72.885000	-5.249038e-11
72.886000	-7.6106e-10
72.887000	-8.576831e-10
72.888000	-8.898909e-10
72.889000	-1.083137e-09
72.890000	-1.211968e-09
72.891000	-8.898909e-10
72.892000	-5.678137e-10
72.893000	-3.423598e-10
72.894000	2.110798e-08
72.895000	3.151107e-08
72.896000	3.734066e-08
72.897000	4.104455e-08
72.898000	4.310584e-08
72.899000	4.33313e-08
72.900000	4.329909e-08
72.901000	4.320246e-08
72.902000	4.33635e-08
72.903000	4.304143e-08
72.904000	4.114117e-08
72.905000	3.79204e-08
72.906000	3.486067e-08
72.907000	3.241288e-08
72.908000	2.883783e-08
72.909000	2.684095e-08
72.910000	2.725965e-08
72.911000	2.867679e-08
72.912000	2.938536e-08
72.913000	2.980406e-08
72.914000	2.961081e-08
72.915000	2.948198e-08
72.916000	2.938536e-08
72.917000	2.899886e-08
72.918000	2.83225e-08
72.919000	2.767835e-08
72.920000	2.661549e-08
72.921000	2.503732e-08
72.922000	2.365238e-08
72.923000	2.213862e-08
72.924000	2.03672e-08
72.925000	1.907889e-08
72.926000	1.750071e-08
72.927000	1.624461e-08
72.928000	1.518176e-08
72.929000	1.469864e-08
72.930000	1.41189e-08
72.931000	1.408669e-08
72.932000	1.341033e-08
72.933000	1.324929e-08
72.934000	1.305605e-08
72.935000	1.241189e-08
72.936000	1.20254e-08
72.937000	1.154229e-08
72.938000	1.07693e-08
72.939000	1.012515e-08
72.940000	9.738654e-09
72.941000	8.901253e-09
72.942000	8.38593e-09
72.943000	7.355283e-09
72.944000	6.453467e-09
72.945000	6.034767e-09
72.946000	5.390613e-09
72.947000	4.778666e-09
72.948000	4.456589e-09
72.949000	4.231135e-09
72.950000	3.844643e-09
72.951000	3.619189e-09
72.952000	3.136073e-09
72.953000	3.007242e-09
72.954000	2.717373e-09
72.955000	2.491919e-09
72.956000	2.588542e-09
72.957000	2.717373e-09
72.958000	2.717373e-09
72.959000	2.491919e-09
72.960000	2.524126e-09
72.961000	2.073218e-09
72.962000	2.008803e-09
72.963000	1.879972e-09
72.964000	1.139195e-09
72.965000	1.300233e-09
72.966000	5.272484e-10
72.967000	1.729636e-10
72.968000	1.085482e-10
72.969000	4.413275e-11
72.970000	-2.779444e-10
72.971000	3.340021e-10
72.972000	3.017944e-10
72.973000	4.413275e-11
72.974000	-2.028267e-11
72.975000	4.306253e-10
72.976000	8.171178e-10
72.977000	9.781563e-10
72.978000	1.332441e-09
72.979000	1.525687e-09
72.980000	1.751141e-09
72.981000	1.171403e-09
72.982000	1.332441e-09
72.983000	1.010364e-09
72.984000	6.560792e-10
72.985000	6.560792e-10
72.986000	4.306253e-10
72.987000	-2.028267e-11
72.988000	4.413275e-11
72.989000	1.192504e-11
72.990000	-8.469809e-11
72.991000	4.413275e-11
72.992000	1.729636e-10
72.993000	2.37379e-10
72.994000	4.62833e-10
72.995000	4.62833e-10
72.996000	1.010364e-09
72.997000	1.461272e-09
72.998000	1.268026e-09
72.999000	1.525687e-09
73.000000	1.590103e-09
73.001000	1.268026e-09
73.002000	1.396857e-09
73.003000	1.429064e-09
73.004000	1.429064e-09
73.005000	1.20361e-09
73.006000	4.306253e-10
73.007000	2.37379e-10
73.008000	3.662099e-10
73.009000	-1.491135e-10
73.010000	-3.423598e-10
73.011000	3.017944e-10
73.012000	-1.169058e-10
73.013000	-1.169058e-10
73.014000	1.192504e-11
73.015000	3.662099e-10
73.016000	7.527024e-10
73.017000	1.074779e-09
73.018000	1.235818e-09
73.019000	1.268026e-09
73.020000	1.332441e-09
73.021000	9.137409e-10
73.022000	9.459486e-10
73.023000	1.042572e-09
73.024000	9.781563e-10
73.025000	7.527024e-10
73.026000	4.306253e-10
73.027000	-2.028267e-11
73.028000	-1.813212e-10
73.029000	-4.389829e-10
73.030000	-7.288523e-10
73.031000	-1.491135e-10
73.032000	2.37379e-10
73.033000	2.051713e-10
73.034000	3.017944e-10
73.035000	3.984176e-10
73.036000	8.815332e-10
73.037000	1.461272e-09
73.038000	1.525687e-09
73.039000	1.300233e-09
73.040000	8.171178e-10
73.041000	6.238715e-10
73.042000	1.042572e-09
73.043000	9.137409e-10
73.044000	6.560792e-10
73.045000	4.950407e-10
73.046000	3.662099e-10
73.047000	-2.457366e-10
73.048000	-1.050929e-09
73.049000	-7.932677e-10
73.050000	-6.000215e-10
73.051000	-8.469809e-11
73.052000	-1.169058e-10
73.053000	-2.779444e-10
73.054000	-2.779444e-10
73.055000	-1.491135e-10
73.056000	-1.813212e-10
73.057000	5.916638e-10
73.058000	9.781563e-10
73.059000	1.171403e-09
73.060000	8.815332e-10
73.061000	3.340021e-10
73.062000	1.729636e-10
73.063000	4.62833e-10
73.064000	1.407559e-10
73.065000	1.407559e-10
73.066000	-2.028267e-11
73.067000	-4.067752e-10
73.068000	-9.220986e-10
73.069000	-8.254754e-10
73.070000	-5.678137e-10
73.071000	-2.457366e-10
73.072000	-3.101521e-10
73.073000	-1.169058e-10
73.074000	7.634046e-11
73.075000	-5.35606e-10
73.076000	-6.644369e-10
73.077000	-4.711906e-10
73.078000	-2.457366e-10
73.079000	-4.711906e-10
73.080000	-2.457366e-10
73.081000	-5.35606e-10
73.082000	-4.067752e-10
73.083000	-6.322292e-10
73.084000	-9.220986e-10
73.085000	-9.86514e-10
73.086000	-1.083137e-09
73.087000	-1.437422e-09
73.088000	-1.759499e-09
73.089000	-1.405214e-09
73.090000	-1.147553e-09
73.091000	-7.932677e-10
73.092000	-9.86514e-10
73.093000	-8.254754e-10
73.094000	-6.000215e-10
73.095000	-5.249038e-11
73.096000	5.272484e-10
73.097000	9.781563e-10
73.098000	1.235818e-09
73.099000	1.429064e-09
73.100000	1.268026e-09
73.101000	5.916638e-10
73.102000	6.560792e-10
73.103000	6.560792e-10
73.104000	7.204947e-10
73.105000	3.984176e-10
73.106000	7.634046e-11
73.107000	-4.389829e-10
73.108000	-6.322292e-10
73.109000	-1.373007e-09
73.110000	-1.437422e-09
73.111000	-8.254754e-10
73.112000	-5.35606e-10
73.113000	-6.966446e-10
73.114000	-6.644369e-10
73.115000	-5.678137e-10
73.116000	-1.813212e-10
73.117000	4.413275e-11
73.118000	3.017944e-10
73.119000	7.204947e-10
73.120000	7.849101e-10
73.121000	3.017944e-10
73.122000	-1.169058e-10
73.123000	-8.469809e-11
73.124000	2.051713e-10
73.125000	2.695867e-10
73.126000	-5.033983e-10
73.127000	-9.220986e-10
73.128000	-1.147553e-09
73.129000	-1.115345e-09
73.130000	-1.308591e-09
73.131000	-1.083137e-09
73.132000	-8.254754e-10
73.133000	-5.033983e-10
73.134000	-4.389829e-10
73.135000	-3.423598e-10
73.136000	-5.249038e-11
73.137000	4.62833e-10
73.138000	3.340021e-10
73.139000	4.950407e-10
73.140000	5.916638e-10
73.141000	2.051713e-10
73.142000	2.695867e-10
73.143000	1.407559e-10
73.144000	1.407559e-10
73.145000	1.085482e-10
73.146000	-3.423598e-10
73.147000	-8.898909e-10
73.148000	-1.437422e-09
73.149000	-1.373007e-09
73.150000	-1.276383e-09
73.151000	-6.966446e-10
73.152000	-6.000215e-10
73.153000	-4.389829e-10
73.154000	-1.813212e-10
73.155000	-3.101521e-10
73.156000	-2.028267e-11
73.157000	3.984176e-10
73.158000	4.62833e-10
73.159000	7.204947e-10
73.160000	7.527024e-10
73.161000	4.950407e-10
73.162000	1.192504e-11
73.163000	1.192504e-11
73.164000	-2.135289e-10
73.165000	-7.932677e-10
73.166000	-5.678137e-10
73.167000	-9.86514e-10
73.168000	-6.322292e-10
73.169000	-1.147553e-09
73.170000	-1.244176e-09
73.171000	-6.322292e-10
73.172000	-6.644369e-10
73.173000	-3.423598e-10
73.174000	-1.169058e-10
73.175000	1.192504e-11
73.176000	4.306253e-10
73.177000	5.916638e-10
73.178000	6.238715e-10
73.179000	8.815332e-10
73.180000	7.204947e-10
73.181000	3.340021e-10
73.182000	3.662099e-10
73.183000	2.37379e-10
73.184000	1.192504e-11
73.185000	-1.491135e-10
73.186000	-6.966446e-10
73.187000	-9.220986e-10
73.188000	-9.86514e-10
73.189000	-1.276383e-09
73.190000	-1.115345e-09
73.191000	-4.389829e-10
73.192000	-8.254754e-10
73.193000	-1.340799e-09
73.194000	-6.644369e-10
73.195000	-1.813212e-10
73.196000	2.695867e-10
73.197000	4.62833e-10
73.198000	3.984176e-10
73.199000	5.916638e-10
73.200000	3.984176e-10
73.201000	1.407559e-10
73.202000	1.729636e-10
73.203000	1.729636e-10
73.204000	2.37379e-10
73.205000	7.634046e-11
73.206000	-3.745675e-10
73.207000	-6.966446e-10
73.208000	-6.966446e-10
73.209000	-1.340799e-09
73.210000	-9.220986e-10
73.211000	-4.067752e-10
73.212000	-4.067752e-10
73.213000	-3.745675e-10
73.214000	-5.678137e-10
73.215000	-5.033983e-10
73.216000	-2.135289e-10
73.217000	4.413275e-11
73.218000	4.306253e-10
73.219000	6.88287e-10
73.220000	4.62833e-10
73.221000	-1.813212e-10
73.222000	1.192504e-11
73.223000	1.407559e-10
73.224000	-5.249038e-11
73.225000	-5.249038e-11
73.226000	-5.033983e-10
73.227000	-7.288523e-10
73.228000	-8.898909e-10
73.229000	-1.276383e-09
73.230000	-1.340799e-09
73.231000	-6.966446e-10
73.232000	-9.220986e-10
73.233000	-6.000215e-10
73.234000	-7.932677e-10
73.235000	-2.457366e-10
73.236000	4.413275e-11
73.237000	3.662099e-10
73.238000	2.051713e-10
73.239000	6.560792e-10
73.240000	7.204947e-10
73.241000	2.051713e-10
73.242000	3.984176e-10
73.243000	1.407559e-10
