***End_of_Header***
Time	Voltage
62.911000	-2.457366e-09
62.912000	-3.101521e-09
62.913000	-2.779444e-09
62.914000	-4.389829e-09
62.915000	-2.457366e-09
62.916000	-6.000215e-09
62.917000	-1.813212e-09
62.918000	-3.423598e-09
62.919000	-2.457366e-09
62.920000	-2.135289e-09
62.921000	-2.779444e-09
62.922000	-2.135289e-09
62.923000	-3.745675e-09
62.924000	-4.389829e-09
62.925000	-4.067752e-09
62.926000	-3.423598e-09
62.927000	-3.423598e-09
62.928000	-4.711906e-09
62.929000	-5.033983e-09
62.930000	-6.000215e-09
62.931000	-4.711906e-09
62.932000	-4.711906e-09
62.933000	-4.389829e-09
62.934000	-3.423598e-09
62.935000	-2.457366e-09
62.936000	-2.779444e-09
62.937000	-3.423598e-09
62.938000	-4.067752e-09
62.939000	-2.779444e-09
62.940000	-3.101521e-09
62.941000	-2.135289e-09
62.942000	-3.423598e-09
62.943000	-7.6106e-09
62.944000	-6.000215e-09
62.945000	-4.389829e-09
62.946000	-6.000215e-09
62.947000	-3.423598e-09
62.948000	-3.423598e-09
62.949000	-3.745675e-09
62.950000	-1.169058e-09
62.951000	-2.779444e-09
62.952000	-1.491135e-09
62.953000	-1.813212e-09
62.954000	-4.067752e-09
62.955000	-2.457366e-09
62.956000	-5.249038e-10
62.957000	-2.457366e-09
62.958000	-2.457366e-09
62.959000	-5.678137e-09
62.960000	-1.083137e-08
62.961000	2.523056e-07
62.962000	5.508711e-07
62.963000	3.399106e-07
62.964000	2.362018e-07
62.965000	1.940097e-07
62.966000	1.74685e-07
62.967000	1.666331e-07
62.968000	1.479526e-07
62.969000	1.254072e-07
62.970000	1.044722e-07
62.971000	4.413275e-10
62.972000	2.975034e-08
62.973000	4.198927e-08
62.974000	6.614506e-08
62.975000	1.015735e-07
62.976000	1.057605e-07
62.977000	1.105917e-07
62.978000	1.115579e-07
62.979000	1.170332e-07
62.980000	1.225085e-07
62.981000	1.234748e-07
62.982000	1.208982e-07
62.983000	1.196099e-07
62.984000	1.192878e-07
62.985000	1.196099e-07
62.986000	1.151008e-07
62.987000	1.086592e-07
62.988000	1.015735e-07
62.989000	9.64203e-08
62.990000	8.869045e-08
62.991000	8.09606e-08
62.992000	7.548529e-08
62.993000	6.807752e-08
62.994000	5.938144e-08
62.995000	5.519444e-08
62.996000	4.939705e-08
62.997000	4.295551e-08
62.998000	4.070097e-08
62.999000	3.586981e-08
63.000000	3.007242e-08
63.001000	2.717373e-08
63.002000	2.137634e-08
63.003000	2.137634e-08
63.004000	2.234257e-08
63.005000	1.815557e-08
63.006000	1.815557e-08
63.007000	1.429064e-08
63.008000	1.106987e-08
63.009000	1.300233e-08
63.010000	9.781563e-09
63.011000	6.560792e-09
63.012000	6.238715e-09
63.013000	1.042572e-08
63.014000	1.300233e-08
63.015000	1.332441e-08
63.016000	1.396857e-08
63.017000	1.525687e-08
63.018000	1.300233e-08
63.019000	1.074779e-08
63.020000	1.139195e-08
63.021000	-3.745675e-09
63.022000	3.340021e-09
63.023000	5.272484e-09
63.024000	5.916638e-09
63.025000	6.238715e-09
63.026000	6.560792e-09
63.027000	6.88287e-09
63.028000	1.268026e-08
63.029000	1.525687e-08
63.030000	1.396857e-08
63.031000	1.718934e-08
63.032000	1.557895e-08
63.033000	1.49348e-08
63.034000	1.429064e-08
63.035000	1.49348e-08
63.036000	1.268026e-08
63.037000	1.235818e-08
63.038000	9.781563e-09
63.039000	6.238715e-09
63.040000	5.272484e-09
63.041000	5.916638e-09
63.042000	6.238715e-09
63.043000	1.192504e-10
63.044000	1.729636e-09
63.045000	2.37379e-09
63.046000	-1.491135e-09
63.047000	2.37379e-09
63.048000	2.37379e-09
63.049000	4.950407e-09
63.050000	2.37379e-09
63.051000	-8.469809e-10
63.052000	-8.469809e-10
63.053000	-3.101521e-09
63.054000	-5.678137e-09
63.055000	-3.745675e-09
63.056000	-3.745675e-09
63.057000	-4.389829e-09
63.058000	-5.678137e-09
63.059000	-4.711906e-09
63.060000	-5.033983e-09
63.061000	-6.644369e-09
63.062000	-6.966446e-09
63.063000	-6.322292e-09
63.064000	-8.254754e-09
63.065000	-8.898909e-09
63.066000	-6.000215e-09
63.067000	-4.389829e-09
63.068000	-6.966446e-09
63.069000	-6.000215e-09
63.070000	-6.966446e-09
63.071000	-6.644369e-09
63.072000	-6.322292e-09
63.073000	-2.457366e-09
63.074000	-5.033983e-09
63.075000	-5.35606e-09
63.076000	-2.779444e-09
63.077000	-1.169058e-09
63.078000	-4.067752e-09
63.079000	-6.000215e-09
63.080000	-3.423598e-09
63.081000	-2.457366e-09
63.082000	-6.000215e-09
63.083000	-5.033983e-09
63.084000	-5.678137e-09
63.085000	-5.678137e-09
63.086000	-5.35606e-09
63.087000	-4.067752e-09
63.088000	-2.457366e-09
63.089000	-1.813212e-09
63.090000	-2.779444e-09
63.091000	-1.491135e-09
63.092000	-1.813212e-09
63.093000	-5.249038e-10
63.094000	-1.169058e-09
63.095000	-2.135289e-09
63.096000	-8.469809e-10
63.097000	-3.101521e-09
63.098000	-2.779444e-09
63.099000	-8.469809e-10
63.100000	-5.033983e-09
63.101000	-7.932677e-09
63.102000	-2.457366e-09
63.103000	-2.457366e-09
63.104000	-4.711906e-09
63.105000	-4.067752e-09
63.106000	-3.101521e-09
63.107000	-3.423598e-09
63.108000	-4.711906e-09
63.109000	-4.711906e-09
63.110000	-3.101521e-09
63.111000	-1.813212e-09
63.112000	-2.779444e-09
63.113000	-2.779444e-09
63.114000	-4.067752e-09
63.115000	4.413275e-10
63.116000	-2.457366e-09
63.117000	-1.813212e-09
63.118000	4.413275e-10
63.119000	4.413275e-10
63.120000	-5.249038e-10
63.121000	-2.135289e-09
63.122000	2.051713e-09
63.123000	-5.35606e-09
63.124000	-6.966446e-09
63.125000	-6.644369e-09
63.126000	-6.644369e-09
63.127000	-7.932677e-09
63.128000	-6.644369e-09
63.129000	-4.067752e-09
63.130000	-3.745675e-09
63.131000	-5.35606e-09
63.132000	-5.678137e-09
63.133000	-3.423598e-09
63.134000	-4.711906e-09
63.135000	-5.678137e-09
63.136000	-4.389829e-09
63.137000	-3.745675e-09
63.138000	-4.389829e-09
63.139000	-6.644369e-09
63.140000	-4.389829e-09
63.141000	-4.389829e-09
63.142000	-5.033983e-09
63.143000	-5.35606e-09
63.144000	-2.779444e-09
63.145000	-3.101521e-09
63.146000	-3.423598e-09
63.147000	-4.389829e-09
63.148000	-3.423598e-09
63.149000	-6.966446e-09
63.150000	-2.457366e-09
63.151000	-2.457366e-09
63.152000	-4.711906e-09
63.153000	-3.101521e-09
63.154000	-5.249038e-10
63.155000	-3.745675e-09
63.156000	-3.423598e-09
63.157000	-4.067752e-09
63.158000	-3.101521e-09
63.159000	-2.135289e-09
63.160000	-4.067752e-09
63.161000	-3.745675e-09
63.162000	-4.389829e-09
63.163000	-4.711906e-09
63.164000	-3.101521e-09
63.165000	-5.678137e-09
63.166000	-5.678137e-09
63.167000	-3.745675e-09
63.168000	-2.457366e-09
63.169000	-1.813212e-09
63.170000	-3.101521e-09
63.171000	-5.249038e-10
63.172000	-2.779444e-09
63.173000	-3.423598e-09
63.174000	-2.779444e-09
63.175000	-4.067752e-09
63.176000	-2.457366e-09
63.177000	-4.711906e-09
63.178000	-5.033983e-09
63.179000	-5.033983e-09
63.180000	-5.033983e-09
63.181000	-9.220986e-09
63.182000	-4.711906e-09
63.183000	-4.389829e-09
63.184000	-5.033983e-09
63.185000	-3.423598e-09
63.186000	-3.101521e-09
63.187000	-4.389829e-09
63.188000	-4.711906e-09
63.189000	-4.067752e-09
63.190000	-3.745675e-09
63.191000	-4.389829e-09
63.192000	-5.033983e-09
63.193000	-3.101521e-09
63.194000	-1.813212e-09
63.195000	-3.101521e-09
63.196000	-2.779444e-09
63.197000	-1.491135e-09
63.198000	-2.135289e-09
63.199000	-1.813212e-09
63.200000	-3.101521e-09
63.201000	-2.779444e-09
63.202000	-3.745675e-09
63.203000	-4.711906e-09
63.204000	-5.033983e-09
63.205000	-4.067752e-09
63.206000	-3.745675e-09
63.207000	-5.033983e-09
63.208000	-2.457366e-09
63.209000	-4.711906e-09
63.210000	-6.322292e-09
63.211000	-3.423598e-09
63.212000	-3.101521e-09
63.213000	-1.491135e-09
63.214000	-3.745675e-09
63.215000	-3.423598e-09
63.216000	-2.135289e-09
63.217000	-5.033983e-09
63.218000	-6.000215e-09
63.219000	-5.033983e-09
63.220000	-5.033983e-09
63.221000	-2.457366e-09
63.222000	-2.779444e-09
63.223000	-5.678137e-09
63.224000	-4.389829e-09
63.225000	-4.711906e-09
63.226000	-2.779444e-09
63.227000	-3.745675e-09
63.228000	-5.033983e-09
63.229000	-1.813212e-09
63.230000	-2.779444e-09
63.231000	-2.779444e-09
63.232000	-3.745675e-09
63.233000	-4.389829e-09
63.234000	-4.067752e-09
63.235000	-1.813212e-09
63.236000	-4.711906e-09
63.237000	-4.389829e-09
63.238000	-1.491135e-09
63.239000	-1.491135e-09
63.240000	-1.169058e-09
63.241000	-4.067752e-09
63.242000	-3.101521e-09
63.243000	-4.067752e-09
63.244000	-3.745675e-09
63.245000	-3.423598e-09
63.246000	-3.745675e-09
63.247000	-7.6106e-09
63.248000	-5.033983e-09
63.249000	-4.067752e-09
63.250000	-5.35606e-09
63.251000	-2.779444e-09
63.252000	-3.745675e-09
63.253000	-2.457366e-09
63.254000	-1.491135e-09
63.255000	-2.457366e-09
63.256000	-4.711906e-09
63.257000	-4.067752e-09
63.258000	-2.779444e-09
63.259000	-4.389829e-09
63.260000	-3.745675e-09
63.261000	-2.779444e-09
63.262000	-4.067752e-09
63.263000	-4.711906e-09
63.264000	-3.101521e-09
63.265000	-4.389829e-09
63.266000	-5.033983e-09
63.267000	-1.813212e-09
63.268000	-1.813212e-09
63.269000	-2.135289e-09
63.270000	-1.491135e-09
63.271000	-1.491135e-09
63.272000	-2.779444e-09
63.273000	-1.169058e-09
63.274000	-3.423598e-09
63.275000	-3.423598e-09
63.276000	-1.813212e-09
63.277000	-2.457366e-09
63.278000	-3.101521e-09
63.279000	-5.35606e-09
63.280000	-4.389829e-09
63.281000	-3.745675e-09
63.282000	-3.423598e-09
63.283000	-3.423598e-09
63.284000	-2.779444e-09
63.285000	-6.322292e-09
63.286000	-3.745675e-09
63.287000	-3.101521e-09
63.288000	-5.35606e-09
63.289000	-5.033983e-09
63.290000	-3.745675e-09
63.291000	-4.711906e-09
63.292000	-5.033983e-09
63.293000	-2.779444e-09
63.294000	-4.389829e-09
63.295000	-2.779444e-09
63.296000	-1.491135e-09
63.297000	-2.779444e-09
63.298000	-2.457366e-09
63.299000	-2.028267e-10
63.300000	1.192504e-10
63.301000	-4.067752e-09
63.302000	-2.457366e-09
63.303000	-3.101521e-09
63.304000	-6.000215e-09
63.305000	-4.711906e-09
63.306000	-5.033983e-09
63.307000	-5.678137e-09
63.308000	-3.745675e-09
63.309000	-2.135289e-09
63.310000	-4.389829e-09
