***End_of_Header***
Time	Voltage
71.641000	-2.135289e-09
71.642000	-3.101521e-09
71.643000	-6.322292e-09
71.644000	-4.711906e-09
71.645000	-3.423598e-09
71.646000	-1.813212e-09
71.647000	-5.249038e-10
71.648000	-2.457366e-09
71.649000	-2.457366e-09
71.650000	-3.745675e-09
71.651000	-3.745675e-09
71.652000	-2.135289e-09
71.653000	-1.169058e-09
71.654000	4.413275e-10
71.655000	-1.813212e-09
71.656000	-2.779444e-09
71.657000	-2.135289e-09
71.658000	-5.033983e-09
71.659000	-4.389829e-09
71.660000	-5.249038e-10
71.661000	-2.779444e-09
71.662000	-8.469809e-10
71.663000	-1.169058e-09
71.664000	-5.35606e-09
71.665000	-4.711906e-09
71.666000	-4.711906e-09
71.667000	-6.644369e-09
71.668000	-6.000215e-09
71.669000	-4.711906e-09
71.670000	-4.067752e-09
71.671000	-8.576831e-09
71.672000	-5.678137e-09
71.673000	-6.322292e-09
71.674000	-6.000215e-09
71.675000	-9.220986e-09
71.676000	-5.35606e-09
71.677000	-1.491135e-09
71.678000	-5.249038e-10
71.679000	-2.028267e-10
71.680000	-3.101521e-09
71.681000	-4.067752e-09
71.682000	-5.249038e-10
71.683000	2.37379e-09
71.684000	1.407559e-09
71.685000	-2.779444e-09
71.686000	-5.35606e-09
71.687000	-4.067752e-09
71.688000	-3.101521e-09
71.689000	-1.491135e-09
71.690000	-1.813212e-09
71.691000	4.456589e-08
71.692000	2.587472e-07
71.693000	1.759733e-07
71.694000	1.444098e-07
71.695000	1.260514e-07
71.696000	1.186436e-07
71.697000	1.064047e-07
71.698000	9.706446e-08
71.699000	8.901253e-08
71.700000	8.675799e-08
71.701000	7.967229e-08
71.702000	7.419698e-08
71.703000	6.775544e-08
71.704000	6.872167e-08
71.705000	6.163598e-08
71.706000	5.261782e-08
71.707000	4.488797e-08
71.708000	3.748019e-08
71.709000	4.005681e-08
71.710000	3.651396e-08
71.711000	3.812435e-08
71.712000	3.683604e-08
71.713000	3.232696e-08
71.714000	3.03945e-08
71.715000	2.652957e-08
71.716000	3.136073e-08
71.717000	3.232696e-08
71.718000	3.168281e-08
71.719000	3.168281e-08
71.720000	3.297111e-08
71.721000	3.200488e-08
71.722000	3.425942e-08
71.723000	3.87685e-08
71.724000	4.005681e-08
71.725000	3.619189e-08
71.726000	5.557023e-07
71.727000	2.870899e-07
71.728000	1.460202e-07
71.729000	9.030084e-08
71.730000	6.260221e-08
71.731000	4.843082e-08
71.732000	4.521004e-08
71.733000	3.715812e-08
71.734000	3.361527e-08
71.735000	3.007242e-08
71.736000	2.975034e-08
71.737000	3.007242e-08
71.738000	2.62075e-08
71.739000	2.685165e-08
71.740000	2.395296e-08
71.741000	2.234257e-08
71.742000	1.847765e-08
71.743000	2.266465e-08
71.744000	2.524126e-08
71.745000	2.395296e-08
71.746000	2.298672e-08
71.747000	2.169842e-08
71.748000	1.976595e-08
71.749000	1.783349e-08
71.750000	1.332441e-08
71.751000	1.268026e-08
71.752000	1.20361e-08
71.753000	1.364649e-08
71.754000	1.429064e-08
71.755000	1.235818e-08
71.756000	1.557895e-08
71.757000	1.847765e-08
71.758000	2.041011e-08
71.759000	2.524126e-08
71.760000	2.491919e-08
71.761000	2.266465e-08
71.762000	1.590103e-08
71.763000	1.557895e-08
71.764000	1.461272e-08
71.765000	1.268026e-08
71.766000	1.300233e-08
71.767000	1.49348e-08
71.768000	1.429064e-08
71.769000	1.20361e-08
71.770000	9.459486e-09
71.771000	7.204947e-09
71.772000	9.459486e-09
71.773000	8.493255e-09
71.774000	4.306253e-09
71.775000	4.413275e-10
71.776000	-4.067752e-09
71.777000	-3.423598e-09
71.778000	-4.711906e-09
71.779000	-4.389829e-09
71.780000	-2.457366e-09
71.781000	-3.423598e-09
71.782000	-6.966446e-09
71.783000	-6.644369e-09
71.784000	-4.067752e-09
71.785000	-1.491135e-09
71.786000	-2.457366e-09
71.787000	-2.457366e-09
71.788000	-1.813212e-09
71.789000	-3.423598e-09
71.790000	-4.067752e-09
71.791000	-3.745675e-09
71.792000	-1.491135e-09
71.793000	-2.135289e-09
71.794000	-3.423598e-09
71.795000	-2.135289e-09
71.796000	-4.067752e-09
71.797000	-4.389829e-09
71.798000	-2.779444e-09
71.799000	-3.745675e-09
71.800000	-8.469809e-10
71.801000	-1.491135e-09
71.802000	-2.779444e-09
71.803000	-3.101521e-09
71.804000	-8.469809e-10
71.805000	-2.028267e-10
71.806000	1.192504e-10
71.807000	4.413275e-10
71.808000	-5.249038e-10
71.809000	-8.469809e-10
71.810000	-2.135289e-09
71.811000	-2.457366e-09
71.812000	-1.491135e-09
71.813000	-2.457366e-09
71.814000	-3.745675e-09
71.815000	-5.678137e-09
71.816000	-5.033983e-09
71.817000	-5.033983e-09
71.818000	-7.6106e-09
71.819000	-2.457366e-09
71.820000	4.413275e-10
71.821000	-5.249038e-10
71.822000	-5.033983e-09
71.823000	-5.35606e-09
71.824000	-5.35606e-09
71.825000	-4.389829e-09
71.826000	-3.101521e-09
71.827000	-4.067752e-09
71.828000	-3.101521e-09
71.829000	-3.423598e-09
71.830000	-5.678137e-09
71.831000	-4.711906e-09
71.832000	-4.389829e-09
71.833000	-4.711906e-09
71.834000	-2.135289e-09
71.835000	-3.423598e-09
71.836000	-2.457366e-09
71.837000	-4.711906e-09
71.838000	-4.067752e-09
71.839000	-4.711906e-09
71.840000	-1.169058e-09
71.841000	-1.813212e-09
71.842000	-4.067752e-09
71.843000	-5.678137e-09
71.844000	-7.932677e-09
71.845000	-7.932677e-09
71.846000	-7.288523e-09
71.847000	-4.711906e-09
71.848000	-5.678137e-09
71.849000	-4.389829e-09
71.850000	-4.067752e-09
71.851000	-5.35606e-09
71.852000	-5.678137e-09
71.853000	-4.067752e-09
71.854000	-5.35606e-09
71.855000	-1.169058e-09
71.856000	-1.169058e-09
71.857000	-1.169058e-09
71.858000	-3.423598e-09
71.859000	-2.135289e-09
71.860000	-2.135289e-09
71.861000	-3.745675e-09
71.862000	-1.813212e-09
71.863000	-4.389829e-09
71.864000	-6.322292e-09
71.865000	-4.067752e-09
71.866000	-4.711906e-09
71.867000	-5.678137e-09
71.868000	-6.000215e-09
71.869000	-5.033983e-09
71.870000	-7.932677e-09
71.871000	-5.033983e-09
71.872000	-5.35606e-09
71.873000	-4.067752e-09
71.874000	-2.779444e-09
71.875000	-2.135289e-09
71.876000	-8.469809e-10
71.877000	-2.135289e-09
71.878000	-1.169058e-09
71.879000	-1.169058e-09
71.880000	-1.491135e-09
71.881000	-2.135289e-09
71.882000	-5.249038e-10
71.883000	1.407559e-09
71.884000	-1.169058e-09
71.885000	-2.135289e-09
71.886000	-8.576831e-09
71.887000	-6.000215e-09
71.888000	-6.000215e-09
71.889000	-4.711906e-09
71.890000	-5.033983e-09
71.891000	-4.389829e-09
71.892000	-3.423598e-09
71.893000	-6.644369e-09
71.894000	-3.745675e-09
71.895000	-3.101521e-09
71.896000	-2.457366e-09
71.897000	-1.491135e-09
71.898000	1.192504e-10
71.899000	-1.169058e-09
71.900000	-8.469809e-10
71.901000	-2.779444e-09
71.902000	-3.101521e-09
71.903000	-1.813212e-09
71.904000	7.634046e-10
71.905000	-8.469809e-10
71.906000	-2.457366e-09
71.907000	-2.135289e-09
71.908000	-3.101521e-09
71.909000	-4.067752e-09
71.910000	-4.389829e-09
71.911000	-2.779444e-09
71.912000	-1.169058e-09
71.913000	-4.067752e-09
71.914000	-6.322292e-09
71.915000	-5.678137e-09
71.916000	-7.932677e-09
71.917000	-5.033983e-09
71.918000	-4.389829e-09
71.919000	-3.423598e-09
71.920000	-1.813212e-09
71.921000	-2.135289e-09
71.922000	-5.033983e-09
71.923000	-2.779444e-09
71.924000	1.192504e-10
71.925000	7.634046e-10
71.926000	-1.491135e-09
71.927000	-1.169058e-09
71.928000	-3.423598e-09
71.929000	-3.101521e-09
71.930000	-6.644369e-09
71.931000	-2.457366e-09
71.932000	-1.491135e-09
71.933000	-1.491135e-09
71.934000	-2.457366e-09
71.935000	-3.101521e-09
71.936000	-1.813212e-09
71.937000	-5.678137e-09
71.938000	-3.423598e-09
71.939000	-3.101521e-09
71.940000	-1.169058e-09
71.941000	-1.813212e-09
71.942000	-3.745675e-09
71.943000	-4.389829e-09
71.944000	-2.135289e-09
71.945000	-1.491135e-09
71.946000	-1.491135e-09
71.947000	-2.135289e-09
71.948000	-2.457366e-09
71.949000	-3.101521e-09
71.950000	-4.711906e-09
71.951000	-5.35606e-09
71.952000	-1.491135e-09
71.953000	-2.457366e-09
71.954000	-5.678137e-09
71.955000	-6.322292e-09
71.956000	-6.966446e-09
71.957000	-5.35606e-09
71.958000	-5.35606e-09
71.959000	-3.423598e-09
71.960000	-5.249038e-10
71.961000	-1.813212e-09
71.962000	-3.423598e-09
71.963000	-5.033983e-09
71.964000	-4.711906e-09
71.965000	-2.779444e-09
71.966000	-8.469809e-10
71.967000	7.634046e-10
71.968000	-1.169058e-09
71.969000	-1.813212e-09
71.970000	-5.033983e-09
71.971000	-3.745675e-09
71.972000	-5.35606e-09
71.973000	-1.169058e-09
71.974000	-2.028267e-10
71.975000	-3.745675e-09
71.976000	-5.033983e-09
71.977000	-4.711906e-09
71.978000	-3.745675e-09
71.979000	-4.389829e-09
71.980000	-2.028267e-10
71.981000	-6.322292e-09
71.982000	-3.745675e-09
71.983000	-4.067752e-09
71.984000	-1.813212e-09
71.985000	-2.779444e-09
71.986000	-1.491135e-09
71.987000	1.192504e-10
71.988000	-2.135289e-09
71.989000	-1.813212e-09
71.990000	-4.389829e-09
71.991000	-3.745675e-09
71.992000	-2.135289e-09
71.993000	-5.249038e-10
71.994000	1.192504e-10
71.995000	-5.033983e-09
71.996000	-4.389829e-09
71.997000	-4.389829e-09
71.998000	-9.543063e-09
71.999000	-4.389829e-09
72.000000	-1.491135e-09
72.001000	-8.469809e-10
72.002000	-4.389829e-09
72.003000	-6.000215e-09
72.004000	-7.288523e-09
72.005000	-3.101521e-09
72.006000	-1.813212e-09
72.007000	1.085482e-09
72.008000	-5.249038e-10
72.009000	-1.169058e-09
72.010000	-4.067752e-09
72.011000	-3.745675e-09
72.012000	-3.101521e-09
72.013000	-2.779444e-09
72.014000	1.192504e-10
72.015000	-2.135289e-09
72.016000	-3.423598e-09
72.017000	-4.711906e-09
72.018000	-4.389829e-09
72.019000	-3.101521e-09
72.020000	-8.469809e-10
72.021000	-2.135289e-09
72.022000	-8.469809e-10
72.023000	-3.423598e-09
72.024000	-6.000215e-09
72.025000	-5.678137e-09
72.026000	-4.711906e-09
72.027000	-4.067752e-09
72.028000	-4.389829e-09
72.029000	-1.813212e-09
72.030000	-3.423598e-09
72.031000	-5.35606e-09
72.032000	-4.067752e-09
72.033000	-2.135289e-09
72.034000	-8.469809e-10
72.035000	-1.491135e-09
72.036000	-2.779444e-09
72.037000	-2.779444e-09
72.038000	-2.135289e-09
72.039000	-3.101521e-09
72.040000	-2.135289e-09
