***End_of_Header***
Time	Voltage
6.207000	-1.813212e-09
6.208000	-3.101521e-09
6.209000	-2.779444e-09
6.210000	-4.389829e-09
6.211000	-6.322292e-09
6.212000	-4.389829e-09
6.213000	-2.457366e-09
6.214000	-2.779444e-09
6.215000	-2.135289e-09
6.216000	-1.813212e-09
6.217000	-2.135289e-09
6.218000	-3.101521e-09
6.219000	-3.423598e-09
6.220000	-3.745675e-09
6.221000	-3.101521e-09
6.222000	-6.000215e-09
6.223000	-7.288523e-09
6.224000	-6.000215e-09
6.225000	-6.644369e-09
6.226000	-5.35606e-09
6.227000	-5.35606e-09
6.228000	-4.389829e-09
6.229000	-2.135289e-09
6.230000	-2.779444e-09
6.231000	-2.135289e-09
6.232000	-2.135289e-09
6.233000	-3.745675e-09
6.234000	-4.711906e-09
6.235000	-7.6106e-09
6.236000	-3.101521e-09
6.237000	-1.813212e-09
6.238000	-3.101521e-09
6.239000	-2.457366e-09
6.240000	-3.101521e-09
6.241000	-1.169058e-09
6.242000	-1.169058e-09
6.243000	-2.028267e-10
6.244000	-8.469809e-10
6.245000	-1.813212e-09
6.246000	-1.169058e-09
6.247000	-3.101521e-09
6.248000	-6.644369e-09
6.249000	-3.745675e-09
6.250000	-3.423598e-09
6.251000	-5.35606e-09
6.252000	-6.322292e-09
6.253000	-3.101521e-09
6.254000	-8.469809e-10
6.255000	-1.169058e-09
6.256000	-2.028267e-10
6.257000	1.824149e-07
6.258000	1.601916e-07
6.259000	1.321709e-07
6.260000	1.099475e-07
6.261000	9.094499e-08
6.262000	7.741776e-08
6.263000	7.162037e-08
6.264000	6.775544e-08
6.265000	6.13139e-08
6.266000	5.616067e-08
6.267000	5.197366e-08
6.268000	4.778666e-08
6.269000	4.424381e-08
6.270000	3.780227e-08
6.271000	3.45815e-08
6.272000	3.264904e-08
6.273000	3.103865e-08
6.274000	3.03945e-08
6.275000	2.878411e-08
6.276000	2.717373e-08
6.277000	2.588542e-08
6.278000	2.363088e-08
6.279000	2.266465e-08
6.280000	2.427503e-08
6.281000	2.266465e-08
6.282000	2.685165e-08
6.283000	2.556334e-08
6.284000	2.524126e-08
6.285000	2.363088e-08
6.286000	2.266465e-08
6.287000	2.427503e-08
6.288000	2.137634e-08
6.289000	2.266465e-08
6.290000	2.266465e-08
6.291000	2.202049e-08
6.292000	2.685165e-08
6.293000	2.62075e-08
6.294000	3.490358e-08
6.295000	2.942827e-08
6.296000	2.846204e-08
6.297000	2.685165e-08
6.298000	3.941266e-08
6.299000	2.910619e-08
6.300000	2.524126e-08
6.301000	2.62075e-08
6.302000	6.517883e-08
6.303000	6.775544e-08
6.304000	3.748019e-08
6.305000	3.03945e-08
6.306000	2.041011e-08
6.307000	2.202049e-08
6.308000	1.944388e-08
6.309000	1.751141e-08
6.310000	1.847765e-08
6.311000	1.622311e-08
6.312000	1.525687e-08
6.313000	1.300233e-08
6.314000	1.364649e-08
6.315000	1.235818e-08
6.316000	1.235818e-08
6.317000	1.429064e-08
6.318000	1.557895e-08
6.319000	1.49348e-08
6.320000	1.847765e-08
6.321000	2.041011e-08
6.322000	2.137634e-08
6.323000	2.073218e-08
6.324000	2.169842e-08
6.325000	2.202049e-08
6.326000	2.169842e-08
6.327000	2.878411e-08
6.328000	2.556334e-08
6.329000	2.524126e-08
6.330000	2.524126e-08
6.331000	2.74958e-08
6.332000	3.071658e-08
6.333000	6.034767e-08
6.334000	1.946538e-07
6.335000	1.002852e-07
6.336000	5.455028e-08
6.337000	3.973473e-08
6.338000	2.813996e-08
6.339000	2.62075e-08
6.340000	2.363088e-08
6.341000	2.395296e-08
6.342000	2.266465e-08
6.343000	2.202049e-08
6.344000	2.266465e-08
6.345000	2.169842e-08
6.346000	2.073218e-08
6.347000	2.041011e-08
6.348000	1.49348e-08
6.349000	1.49348e-08
6.350000	1.332441e-08
6.351000	9.459486e-09
6.352000	-1.169058e-09
6.353000	1.407559e-09
6.354000	4.306253e-09
6.355000	2.695867e-09
6.356000	2.051713e-09
6.357000	1.407559e-09
6.358000	1.192504e-10
6.359000	-2.779444e-09
6.360000	-4.067752e-09
6.361000	-4.389829e-09
6.362000	-6.322292e-09
6.363000	-6.966446e-09
6.364000	-6.644369e-09
6.365000	-7.6106e-09
6.366000	-6.000215e-09
6.367000	-6.000215e-09
6.368000	-5.678137e-09
6.369000	-3.423598e-09
6.370000	-2.135289e-09
6.371000	-2.457366e-09
6.372000	-2.457366e-09
6.373000	-1.491135e-09
6.374000	-2.779444e-09
6.375000	-1.813212e-09
6.376000	-8.469809e-10
6.377000	-1.813212e-09
6.378000	-1.813212e-09
6.379000	-3.423598e-09
6.380000	-4.389829e-09
6.381000	-3.101521e-09
6.382000	-2.779444e-09
6.383000	-2.135289e-09
6.384000	1.192504e-10
6.385000	-2.028267e-10
6.386000	-5.249038e-10
6.387000	-1.813212e-09
6.388000	-4.067752e-09
6.389000	-2.457366e-09
6.390000	-3.423598e-09
6.391000	-5.35606e-09
6.392000	-6.966446e-09
6.393000	-4.067752e-09
6.394000	-4.389829e-09
6.395000	-4.067752e-09
6.396000	-5.678137e-09
6.397000	-7.288523e-09
6.398000	-1.169058e-09
6.399000	-1.169058e-09
6.400000	-2.457366e-09
6.401000	-1.491135e-09
6.402000	-1.491135e-09
6.403000	-4.711906e-09
6.404000	-3.745675e-09
6.405000	-4.067752e-09
6.406000	-4.711906e-09
6.407000	-2.779444e-09
6.408000	-3.745675e-09
6.409000	-3.423598e-09
6.410000	-5.249038e-10
6.411000	-5.249038e-10
6.412000	4.413275e-10
6.413000	3.984176e-09
6.414000	2.37379e-09
6.415000	7.634046e-10
6.416000	1.192504e-10
6.417000	-8.469809e-10
6.418000	-8.469809e-10
6.419000	-3.423598e-09
6.420000	-4.067752e-09
6.421000	-1.491135e-09
6.422000	-1.169058e-09
6.423000	1.192504e-10
6.424000	-8.469809e-10
6.425000	-2.028267e-10
6.426000	-1.169058e-09
6.427000	-3.101521e-09
6.428000	-4.711906e-09
6.429000	-4.067752e-09
6.430000	-3.101521e-09
6.431000	-6.966446e-09
6.432000	-4.711906e-09
6.433000	-2.135289e-09
6.434000	-2.779444e-09
6.435000	-3.745675e-09
6.436000	-1.813212e-09
6.437000	-2.779444e-09
6.438000	-2.457366e-09
6.439000	-2.457366e-09
6.440000	-6.322292e-09
6.441000	-3.423598e-09
6.442000	-5.678137e-09
6.443000	-4.389829e-09
6.444000	-4.067752e-09
6.445000	-4.067752e-09
6.446000	-5.35606e-09
6.447000	-5.033983e-09
6.448000	-3.745675e-09
6.449000	-5.033983e-09
6.450000	-3.101521e-09
6.451000	-4.067752e-09
6.452000	-6.000215e-09
6.453000	-4.067752e-09
6.454000	-5.033983e-09
6.455000	-5.033983e-09
6.456000	-4.711906e-09
6.457000	-3.101521e-09
6.458000	-1.491135e-09
6.459000	-3.423598e-09
6.460000	-2.457366e-09
6.461000	7.634046e-10
6.462000	-8.469809e-10
6.463000	-2.457366e-09
6.464000	-3.423598e-09
6.465000	-2.779444e-09
6.466000	-3.423598e-09
6.467000	-4.389829e-09
6.468000	-4.389829e-09
6.469000	-4.067752e-09
6.470000	-2.457366e-09
6.471000	-1.813212e-09
6.472000	-2.135289e-09
6.473000	-3.101521e-09
6.474000	-2.779444e-09
6.475000	-2.779444e-09
6.476000	-3.423598e-09
6.477000	-3.101521e-09
6.478000	-3.745675e-09
6.479000	-4.389829e-09
6.480000	-4.711906e-09
6.481000	-4.389829e-09
6.482000	-3.423598e-09
6.483000	-2.135289e-09
6.484000	-1.491135e-09
6.485000	-2.779444e-09
6.486000	-5.249038e-10
6.487000	-4.389829e-09
6.488000	-4.389829e-09
6.489000	-5.678137e-09
6.490000	-3.423598e-09
6.491000	-7.932677e-09
6.492000	-4.711906e-09
6.493000	-5.678137e-09
6.494000	-3.423598e-09
6.495000	-4.067752e-09
6.496000	-4.067752e-09
6.497000	-3.101521e-09
6.498000	-2.135289e-09
6.499000	-2.779444e-09
6.500000	-4.711906e-09
6.501000	-3.423598e-09
6.502000	-4.711906e-09
6.503000	-5.678137e-09
6.504000	-6.000215e-09
6.505000	-5.678137e-09
6.506000	-6.966446e-09
6.507000	-5.35606e-09
6.508000	-5.033983e-09
6.509000	-4.389829e-09
6.510000	-2.028267e-10
6.511000	-1.813212e-09
6.512000	-3.745675e-09
6.513000	-4.067752e-09
6.514000	-4.067752e-09
6.515000	-6.000215e-09
6.516000	-4.389829e-09
6.517000	-4.067752e-09
6.518000	-7.6106e-09
6.519000	-1.491135e-09
6.520000	-2.457366e-09
6.521000	-2.028267e-10
6.522000	-2.135289e-09
6.523000	-8.469809e-10
6.524000	-1.491135e-09
6.525000	-5.249038e-10
6.526000	-2.135289e-09
6.527000	-2.457366e-09
6.528000	-4.067752e-09
6.529000	-3.745675e-09
6.530000	-4.389829e-09
6.531000	-2.457366e-09
6.532000	-3.745675e-09
6.533000	-1.491135e-09
6.534000	-2.457366e-09
6.535000	-2.135289e-09
6.536000	-2.135289e-09
6.537000	-3.101521e-09
6.538000	-3.745675e-09
6.539000	-3.101521e-09
6.540000	-4.067752e-09
6.541000	-4.389829e-09
6.542000	-3.423598e-09
6.543000	-3.745675e-09
6.544000	-5.033983e-09
6.545000	-3.423598e-09
6.546000	-3.745675e-09
6.547000	-2.779444e-09
6.548000	-4.067752e-09
6.549000	-5.033983e-09
6.550000	-5.033983e-09
6.551000	-7.6106e-09
6.552000	-5.678137e-09
6.553000	-4.389829e-09
6.554000	-4.389829e-09
6.555000	-2.135289e-09
6.556000	-3.423598e-09
6.557000	-2.135289e-09
6.558000	-3.101521e-09
6.559000	-1.813212e-09
6.560000	-4.711906e-09
6.561000	-3.745675e-09
6.562000	-5.35606e-09
6.563000	-4.711906e-09
6.564000	-5.35606e-09
6.565000	-8.576831e-09
6.566000	-6.322292e-09
6.567000	-5.678137e-09
6.568000	-4.067752e-09
6.569000	-9.543063e-09
6.570000	-2.135289e-09
6.571000	-1.491135e-09
6.572000	-4.711906e-09
6.573000	-5.678137e-09
6.574000	-4.711906e-09
6.575000	-5.033983e-09
6.576000	-6.644369e-09
6.577000	-4.389829e-09
6.578000	-2.135289e-09
6.579000	-2.135289e-09
6.580000	-2.779444e-09
6.581000	-2.028267e-10
6.582000	-2.028267e-10
6.583000	-1.813212e-09
6.584000	-2.457366e-09
6.585000	-2.135289e-09
6.586000	-1.491135e-09
6.587000	-3.101521e-09
6.588000	-3.101521e-09
6.589000	-5.678137e-09
6.590000	-3.101521e-09
6.591000	-2.457366e-09
6.592000	-5.249038e-10
6.593000	-5.249038e-10
6.594000	-1.813212e-09
6.595000	-5.249038e-10
6.596000	-8.469809e-10
6.597000	-5.249038e-10
6.598000	-2.457366e-09
6.599000	-1.813212e-09
6.600000	-3.745675e-09
6.601000	-1.491135e-09
6.602000	-1.169058e-09
6.603000	-1.491135e-09
6.604000	-2.135289e-09
6.605000	-2.779444e-09
6.606000	-1.491135e-09
