***End_of_Header***
Time	Voltage
4.227000	-2.135289e-09
4.228000	-3.101521e-09
4.229000	-4.389829e-09
4.230000	-3.101521e-09
4.231000	-5.35606e-09
4.232000	-3.101521e-09
4.233000	-5.678137e-09
4.234000	-5.678137e-09
4.235000	-5.678137e-09
4.236000	-6.000215e-09
4.237000	-5.033983e-09
4.238000	-6.000215e-09
4.239000	-3.423598e-09
4.240000	-4.067752e-09
4.241000	-3.101521e-09
4.242000	-1.491135e-09
4.243000	-2.457366e-09
4.244000	-3.745675e-09
4.245000	-3.423598e-09
4.246000	-4.389829e-09
4.247000	-7.6106e-09
4.248000	-4.067752e-09
4.249000	-4.711906e-09
4.250000	-2.135289e-09
4.251000	-4.067752e-09
4.252000	-2.457366e-09
4.253000	-1.169058e-09
4.254000	-1.169058e-09
4.255000	-5.249038e-10
4.256000	-3.101521e-09
4.257000	-1.169058e-09
4.258000	-5.249038e-10
4.259000	-1.813212e-09
4.260000	-2.779444e-09
4.261000	-2.135289e-09
4.262000	-3.423598e-09
4.263000	-2.457366e-09
4.264000	-8.469809e-10
4.265000	-1.813212e-09
4.266000	-1.491135e-09
4.267000	-2.135289e-09
4.268000	-2.779444e-09
4.269000	-3.423598e-09
4.270000	-4.389829e-09
4.271000	-3.423598e-09
4.272000	-4.389829e-09
4.273000	-5.678137e-09
4.274000	-3.745675e-09
4.275000	-4.389829e-09
4.276000	-2.135289e-09
4.277000	1.070488e-07
4.278000	1.437656e-07
4.279000	1.186436e-07
4.280000	1.054385e-07
4.281000	9.352161e-08
4.282000	7.741776e-08
4.283000	6.775544e-08
4.284000	6.13139e-08
4.285000	5.680482e-08
4.286000	5.229574e-08
4.287000	4.649835e-08
4.288000	4.263343e-08
4.289000	4.070097e-08
4.290000	3.844643e-08
4.291000	3.490358e-08
4.292000	3.200488e-08
4.293000	3.200488e-08
4.294000	3.200488e-08
4.295000	2.524126e-08
4.296000	2.491919e-08
4.297000	2.363088e-08
4.298000	2.33088e-08
4.299000	1.654518e-08
4.300000	1.847765e-08
4.301000	1.879972e-08
4.302000	1.976595e-08
4.303000	2.073218e-08
4.304000	2.105426e-08
4.305000	2.041011e-08
4.306000	2.169842e-08
4.307000	2.169842e-08
4.308000	2.33088e-08
4.309000	2.008803e-08
4.310000	1.944388e-08
4.311000	1.751141e-08
4.312000	1.976595e-08
4.313000	1.944388e-08
4.314000	1.976595e-08
4.315000	2.105426e-08
4.316000	2.169842e-08
4.317000	2.427503e-08
4.318000	2.234257e-08
4.319000	2.041011e-08
4.320000	2.008803e-08
4.321000	2.008803e-08
4.322000	1.815557e-08
4.323000	1.751141e-08
4.324000	1.783349e-08
4.325000	1.91218e-08
4.326000	1.944388e-08
4.327000	1.847765e-08
4.328000	1.751141e-08
4.329000	1.654518e-08
4.330000	2.524126e-08
4.331000	1.815557e-08
4.332000	1.718934e-08
4.333000	1.461272e-08
4.334000	1.396857e-08
4.335000	1.396857e-08
4.336000	1.074779e-08
4.337000	9.137409e-09
4.338000	1.010364e-08
4.339000	1.429064e-08
4.340000	1.686726e-08
4.341000	1.686726e-08
4.342000	1.91218e-08
4.343000	1.976595e-08
4.344000	2.137634e-08
4.345000	1.91218e-08
4.346000	1.815557e-08
4.347000	1.976595e-08
4.348000	2.266465e-08
4.349000	2.169842e-08
4.350000	2.652957e-08
4.351000	1.263735e-07
4.352000	2.713082e-07
4.353000	1.225085e-07
4.354000	6.195805e-08
4.355000	3.941266e-08
4.356000	3.200488e-08
4.357000	3.103865e-08
4.358000	3.393735e-08
4.359000	3.136073e-08
4.360000	3.136073e-08
4.361000	3.103865e-08
4.362000	2.910619e-08
4.363000	2.942827e-08
4.364000	2.813996e-08
4.365000	2.652957e-08
4.366000	2.363088e-08
4.367000	2.169842e-08
4.368000	1.879972e-08
4.369000	1.622311e-08
4.370000	1.590103e-08
4.371000	1.622311e-08
4.372000	1.590103e-08
4.373000	1.429064e-08
4.374000	1.171403e-08
4.375000	1.171403e-08
4.376000	1.010364e-08
4.377000	8.815332e-09
4.378000	9.781563e-09
4.379000	1.171403e-08
4.380000	9.459486e-09
4.381000	6.560792e-09
4.382000	9.781563e-09
4.383000	8.493255e-09
4.384000	7.204947e-09
4.385000	4.950407e-09
4.386000	1.085482e-09
4.387000	-3.745675e-09
4.388000	-2.457366e-09
4.389000	-3.745675e-09
4.390000	-4.711906e-09
4.391000	-5.678137e-09
4.392000	-6.000215e-09
4.393000	-4.067752e-09
4.394000	-3.745675e-09
4.395000	-2.779444e-09
4.396000	-1.813212e-09
4.397000	-1.491135e-09
4.398000	-1.813212e-09
4.399000	-2.135289e-09
4.400000	-2.779444e-09
4.401000	-5.033983e-09
4.402000	-6.000215e-09
4.403000	-4.067752e-09
4.404000	-2.779444e-09
4.405000	-3.101521e-09
4.406000	-4.389829e-09
4.407000	-2.457366e-09
4.408000	-1.813212e-09
4.409000	-5.033983e-09
4.410000	-3.423598e-09
4.411000	-1.813212e-09
4.412000	-3.423598e-09
4.413000	-5.678137e-09
4.414000	-5.678137e-09
4.415000	-5.033983e-09
4.416000	-5.033983e-09
4.417000	-4.067752e-09
4.418000	-3.745675e-09
4.419000	-2.135289e-09
4.420000	-4.711906e-09
4.421000	-2.779444e-09
4.422000	-3.101521e-09
4.423000	-4.389829e-09
4.424000	-6.644369e-09
4.425000	-2.457366e-09
4.426000	-5.35606e-09
4.427000	-4.389829e-09
4.428000	-4.389829e-09
4.429000	-3.745675e-09
4.430000	-2.457366e-09
4.431000	-2.457366e-09
4.432000	-1.169058e-09
4.433000	-2.028267e-10
4.434000	-1.491135e-09
4.435000	1.192504e-10
4.436000	-1.491135e-09
4.437000	-2.135289e-09
4.438000	-2.457366e-09
4.439000	-2.135289e-09
4.440000	-3.423598e-09
4.441000	-3.745675e-09
4.442000	-4.711906e-09
4.443000	-2.779444e-09
4.444000	-6.966446e-09
4.445000	-5.033983e-09
4.446000	-4.389829e-09
4.447000	-3.101521e-09
4.448000	-4.067752e-09
4.449000	-6.322292e-09
4.450000	-3.745675e-09
4.451000	-5.678137e-09
4.452000	-6.966446e-09
4.453000	-7.932677e-09
4.454000	-6.966446e-09
4.455000	-5.35606e-09
4.456000	-5.678137e-09
4.457000	-2.457366e-09
4.458000	-4.711906e-09
4.459000	-3.423598e-09
4.460000	-5.033983e-09
4.461000	-3.745675e-09
4.462000	-2.457366e-09
4.463000	-5.678137e-09
4.464000	-4.389829e-09
4.465000	-4.067752e-09
4.466000	-4.389829e-09
4.467000	-5.35606e-09
4.468000	-4.067752e-09
4.469000	-4.067752e-09
4.470000	-2.779444e-09
4.471000	-2.457366e-09
4.472000	-4.067752e-09
4.473000	-2.779444e-09
4.474000	-5.678137e-09
4.475000	-5.033983e-09
4.476000	-5.033983e-09
4.477000	-7.288523e-09
4.478000	-4.389829e-09
4.479000	-2.457366e-09
4.480000	-4.067752e-09
4.481000	-2.135289e-09
4.482000	-8.469809e-10
4.483000	-2.457366e-09
4.484000	-1.813212e-09
4.485000	-3.423598e-09
4.486000	-2.457366e-09
4.487000	-4.711906e-09
4.488000	-3.101521e-09
4.489000	-4.067752e-09
4.490000	-5.033983e-09
4.491000	-5.033983e-09
4.492000	-2.457366e-09
4.493000	-1.813212e-09
4.494000	-1.169058e-09
4.495000	-2.135289e-09
4.496000	-5.678137e-09
4.497000	-1.169058e-09
4.498000	-1.491135e-09
4.499000	-2.779444e-09
4.500000	-6.000215e-09
4.501000	-4.711906e-09
4.502000	-3.423598e-09
4.503000	-4.067752e-09
4.504000	-1.813212e-09
4.505000	-3.101521e-09
4.506000	-3.745675e-09
4.507000	-1.491135e-09
4.508000	-3.423598e-09
4.509000	-6.000215e-09
4.510000	-9.220986e-09
4.511000	-5.033983e-09
4.512000	-4.711906e-09
4.513000	-5.678137e-09
4.514000	-5.678137e-09
4.515000	-6.966446e-09
4.516000	-5.35606e-09
4.517000	-5.35606e-09
4.518000	-8.576831e-09
4.519000	-3.745675e-09
4.520000	-1.491135e-09
4.521000	-2.028267e-10
4.522000	-1.491135e-09
4.523000	-2.135289e-09
4.524000	-1.813212e-09
4.525000	-2.457366e-09
4.526000	-2.779444e-09
4.527000	-5.35606e-09
4.528000	-3.423598e-09
4.529000	-4.711906e-09
4.530000	-4.067752e-09
4.531000	-4.067752e-09
4.532000	-2.135289e-09
4.533000	-5.249038e-10
4.534000	-1.169058e-09
4.535000	-1.491135e-09
4.536000	-2.135289e-09
4.537000	-2.135289e-09
4.538000	-8.469809e-10
4.539000	-1.491135e-09
4.540000	-1.169058e-09
4.541000	-6.322292e-09
4.542000	-4.711906e-09
4.543000	-4.067752e-09
4.544000	-1.813212e-09
4.545000	-2.779444e-09
4.546000	-2.779444e-09
4.547000	-3.101521e-09
4.548000	-2.779444e-09
4.549000	-5.678137e-09
4.550000	-4.067752e-09
4.551000	-5.35606e-09
4.552000	-5.35606e-09
4.553000	-5.033983e-09
4.554000	-5.033983e-09
4.555000	-6.644369e-09
4.556000	-3.745675e-09
4.557000	-3.101521e-09
4.558000	-3.745675e-09
4.559000	-1.813212e-09
4.560000	-3.101521e-09
4.561000	-2.457366e-09
4.562000	-3.423598e-09
4.563000	-5.35606e-09
4.564000	-5.678137e-09
4.565000	-4.067752e-09
4.566000	-5.678137e-09
4.567000	-4.067752e-09
4.568000	-5.35606e-09
4.569000	-4.389829e-09
4.570000	-2.135289e-09
4.571000	-4.389829e-09
4.572000	-2.457366e-09
4.573000	-4.389829e-09
4.574000	-5.678137e-09
4.575000	-6.966446e-09
4.576000	-5.033983e-09
4.577000	-4.389829e-09
4.578000	-4.711906e-09
4.579000	-2.135289e-09
4.580000	-3.745675e-09
4.581000	-5.249038e-10
4.582000	-2.135289e-09
4.583000	-3.101521e-09
4.584000	-1.813212e-09
4.585000	-2.457366e-09
4.586000	-5.678137e-09
4.587000	-4.389829e-09
4.588000	-3.423598e-09
4.589000	-4.389829e-09
4.590000	-4.389829e-09
4.591000	-8.254754e-09
4.592000	-4.067752e-09
4.593000	-5.249038e-10
4.594000	-6.000215e-09
4.595000	-2.457366e-09
4.596000	-5.249038e-10
4.597000	-1.169058e-09
4.598000	-5.249038e-10
4.599000	-3.423598e-09
4.600000	-3.101521e-09
4.601000	-4.067752e-09
4.602000	-5.033983e-09
4.603000	-5.678137e-09
4.604000	-3.745675e-09
4.605000	-3.423598e-09
4.606000	-7.288523e-09
4.607000	-2.457366e-09
4.608000	-4.389829e-09
4.609000	-5.033983e-09
4.610000	-4.389829e-09
4.611000	-4.711906e-09
4.612000	-5.678137e-09
4.613000	-6.000215e-09
4.614000	-5.35606e-09
4.615000	-5.678137e-09
4.616000	-5.678137e-09
4.617000	-4.711906e-09
4.618000	-5.35606e-09
4.619000	-2.457366e-09
4.620000	-2.457366e-09
4.621000	-6.000215e-09
4.622000	-2.135289e-09
4.623000	-3.745675e-09
4.624000	-6.322292e-09
4.625000	-4.711906e-09
4.626000	-5.678137e-09
