***End_of_Header***
Time	Voltage
81.459000	-3.101521e-09
81.460000	-4.711906e-09
81.461000	-3.101521e-09
81.462000	-7.6106e-09
81.463000	-5.678137e-09
81.464000	-9.220986e-09
81.465000	-6.644369e-09
81.466000	-9.220986e-09
81.467000	-7.288523e-09
81.468000	-5.35606e-09
81.469000	-6.322292e-09
81.470000	-1.491135e-09
81.471000	-5.249038e-10
81.472000	-1.169058e-09
81.473000	1.192504e-10
81.474000	-2.135289e-09
81.475000	-1.491135e-09
81.476000	-2.457366e-09
81.477000	-3.423598e-09
81.478000	-3.745675e-09
81.479000	-4.067752e-09
81.480000	-3.423598e-09
81.481000	-4.067752e-09
81.482000	-3.423598e-09
81.483000	-1.491135e-09
81.484000	-2.028267e-10
81.485000	-4.067752e-09
81.486000	-5.249038e-10
81.487000	-2.457366e-09
81.488000	-4.067752e-09
81.489000	-2.135289e-09
81.490000	-1.813212e-09
81.491000	-5.249038e-10
81.492000	-2.135289e-09
81.493000	-1.491135e-09
81.494000	-1.491135e-09
81.495000	1.085482e-09
81.496000	-2.135289e-09
81.497000	-5.249038e-10
81.498000	-8.469809e-10
81.499000	-1.491135e-09
81.500000	-5.35606e-09
81.501000	-5.35606e-09
81.502000	-4.711906e-09
81.503000	-3.745675e-09
81.504000	-3.101521e-09
81.505000	-1.169058e-09
81.506000	-2.135289e-09
81.507000	-1.169058e-09
81.508000	-1.491135e-09
81.509000	1.456981e-07
81.510000	1.173553e-07
81.511000	9.384369e-08
81.512000	7.67736e-08
81.513000	6.13139e-08
81.514000	5.358405e-08
81.515000	5.390613e-08
81.516000	5.487236e-08
81.517000	5.938144e-08
81.518000	5.551651e-08
81.519000	4.907497e-08
81.520000	4.263343e-08
81.521000	3.393735e-08
81.522000	2.813996e-08
81.523000	2.74958e-08
81.524000	2.717373e-08
81.525000	2.363088e-08
81.526000	2.202049e-08
81.527000	2.169842e-08
81.528000	2.041011e-08
81.529000	2.137634e-08
81.530000	2.234257e-08
81.531000	2.105426e-08
81.532000	1.944388e-08
81.533000	2.041011e-08
81.534000	1.718934e-08
81.535000	1.751141e-08
81.536000	1.622311e-08
81.537000	1.429064e-08
81.538000	1.300233e-08
81.539000	1.557895e-08
81.540000	1.751141e-08
81.541000	1.91218e-08
81.542000	2.073218e-08
81.543000	2.298672e-08
81.544000	2.395296e-08
81.545000	2.234257e-08
81.546000	2.395296e-08
81.547000	2.427503e-08
81.548000	2.363088e-08
81.549000	1.976595e-08
81.550000	2.073218e-08
81.551000	1.751141e-08
81.552000	1.91218e-08
81.553000	1.396857e-08
81.554000	2.008803e-08
81.555000	2.169842e-08
81.556000	2.266465e-08
81.557000	2.524126e-08
81.558000	2.491919e-08
81.559000	7.580737e-08
81.560000	6.002559e-08
81.561000	3.844643e-08
81.562000	3.200488e-08
81.563000	2.652957e-08
81.564000	2.234257e-08
81.565000	2.395296e-08
81.566000	2.652957e-08
81.567000	3.007242e-08
81.568000	1.669552e-07
81.569000	3.299262e-07
81.570000	1.514955e-07
81.571000	7.226452e-08
81.572000	4.359966e-08
81.573000	3.490358e-08
81.574000	2.685165e-08
81.575000	3.168281e-08
81.576000	3.200488e-08
81.577000	3.232696e-08
81.578000	3.361527e-08
81.579000	3.748019e-08
81.580000	4.424381e-08
81.581000	4.424381e-08
81.582000	4.553212e-08
81.583000	4.617628e-08
81.584000	4.134512e-08
81.585000	3.619189e-08
81.586000	2.975034e-08
81.587000	3.03945e-08
81.588000	3.007242e-08
81.589000	3.071658e-08
81.590000	2.975034e-08
81.591000	2.74958e-08
81.592000	2.459711e-08
81.593000	2.395296e-08
81.594000	2.234257e-08
81.595000	2.202049e-08
81.596000	2.008803e-08
81.597000	1.783349e-08
81.598000	1.686726e-08
81.599000	1.654518e-08
81.600000	1.686726e-08
81.601000	1.364649e-08
81.602000	1.171403e-08
81.603000	9.459486e-09
81.604000	6.560792e-09
81.605000	3.017944e-09
81.606000	3.340021e-09
81.607000	-8.469809e-10
81.608000	-2.028267e-10
81.609000	-2.457366e-09
81.610000	-2.457366e-09
81.611000	-2.457366e-09
81.612000	-3.101521e-09
81.613000	-3.423598e-09
81.614000	-6.322292e-09
81.615000	-5.678137e-09
81.616000	-4.067752e-09
81.617000	-5.678137e-09
81.618000	-5.678137e-09
81.619000	-6.322292e-09
81.620000	-4.711906e-09
81.621000	-4.389829e-09
81.622000	-4.389829e-09
81.623000	-1.491135e-09
81.624000	-2.457366e-09
81.625000	-1.491135e-09
81.626000	-2.135289e-09
81.627000	-3.745675e-09
81.628000	-1.491135e-09
81.629000	-2.135289e-09
81.630000	-2.779444e-09
81.631000	-1.491135e-09
81.632000	-2.779444e-09
81.633000	-5.033983e-09
81.634000	-2.457366e-09
81.635000	-1.813212e-09
81.636000	-2.135289e-09
81.637000	-1.491135e-09
81.638000	-2.457366e-09
81.639000	-2.135289e-09
81.640000	-4.067752e-09
81.641000	-2.457366e-09
81.642000	-4.067752e-09
81.643000	-5.678137e-09
81.644000	-6.644369e-09
81.645000	-6.322292e-09
81.646000	-4.067752e-09
81.647000	-3.423598e-09
81.648000	-2.779444e-09
81.649000	-5.033983e-09
81.650000	-2.779444e-09
81.651000	-2.779444e-09
81.652000	-2.779444e-09
81.653000	-3.101521e-09
81.654000	-6.322292e-09
81.655000	-5.35606e-09
81.656000	-5.35606e-09
81.657000	-6.000215e-09
81.658000	-6.966446e-09
81.659000	-5.678137e-09
81.660000	-4.067752e-09
81.661000	-5.033983e-09
81.662000	-5.033983e-09
81.663000	-1.169058e-09
81.664000	-4.067752e-09
81.665000	-4.389829e-09
81.666000	-4.711906e-09
81.667000	-5.35606e-09
81.668000	-3.423598e-09
81.669000	-4.711906e-09
81.670000	-2.135289e-09
81.671000	-3.423598e-09
81.672000	-2.135289e-09
81.673000	-1.491135e-09
81.674000	-5.249038e-10
81.675000	7.634046e-10
81.676000	-1.813212e-09
81.677000	-5.249038e-10
81.678000	-2.457366e-09
81.679000	-2.457366e-09
81.680000	-4.389829e-09
81.681000	-5.033983e-09
81.682000	-5.033983e-09
81.683000	-5.35606e-09
81.684000	-3.423598e-09
81.685000	-2.457366e-09
81.686000	-3.101521e-09
81.687000	-1.491135e-09
81.688000	-2.028267e-10
81.689000	-1.491135e-09
81.690000	-2.779444e-09
81.691000	-1.813212e-09
81.692000	-4.067752e-09
81.693000	-6.000215e-09
81.694000	-5.678137e-09
81.695000	-7.6106e-09
81.696000	-4.067752e-09
81.697000	-4.389829e-09
81.698000	-5.033983e-09
81.699000	-5.35606e-09
81.700000	-5.033983e-09
81.701000	-4.067752e-09
81.702000	-6.000215e-09
81.703000	-2.457366e-09
81.704000	-3.745675e-09
81.705000	-2.779444e-09
81.706000	-5.033983e-09
81.707000	-5.35606e-09
81.708000	-4.711906e-09
81.709000	-4.711906e-09
81.710000	-3.423598e-09
81.711000	-4.067752e-09
81.712000	-1.491135e-09
81.713000	-1.169058e-09
81.714000	-8.469809e-10
81.715000	-2.779444e-09
81.716000	-3.101521e-09
81.717000	-2.457366e-09
81.718000	-4.389829e-09
81.719000	-2.457366e-09
81.720000	-1.491135e-09
81.721000	-3.423598e-09
81.722000	-4.711906e-09
81.723000	-2.135289e-09
81.724000	-8.469809e-10
81.725000	-2.457366e-09
81.726000	-1.491135e-09
81.727000	-2.779444e-09
81.728000	7.634046e-10
81.729000	-1.169058e-09
81.730000	-1.491135e-09
81.731000	-3.101521e-09
81.732000	-4.067752e-09
81.733000	-4.389829e-09
81.734000	-5.033983e-09
81.735000	-2.457366e-09
81.736000	-3.101521e-09
81.737000	-3.423598e-09
81.738000	-2.457366e-09
81.739000	-5.033983e-09
81.740000	-3.423598e-09
81.741000	-3.745675e-09
81.742000	-4.389829e-09
81.743000	-8.254754e-09
81.744000	-5.678137e-09
81.745000	-5.35606e-09
81.746000	-6.322292e-09
81.747000	-6.322292e-09
81.748000	-3.423598e-09
81.749000	-4.711906e-09
81.750000	-4.389829e-09
81.751000	-2.457366e-09
81.752000	-2.779444e-09
81.753000	-2.135289e-09
81.754000	-2.457366e-09
81.755000	-4.067752e-09
81.756000	-1.813212e-09
81.757000	-3.745675e-09
81.758000	-6.644369e-09
81.759000	-3.745675e-09
81.760000	-3.745675e-09
81.761000	-2.135289e-09
81.762000	-4.389829e-09
81.763000	-5.249038e-10
81.764000	-8.469809e-10
81.765000	-5.249038e-10
81.766000	-2.028267e-10
81.767000	-2.135289e-09
81.768000	-8.469809e-10
81.769000	-1.813212e-09
81.770000	-1.813212e-09
81.771000	-4.067752e-09
81.772000	-2.779444e-09
81.773000	-4.389829e-09
81.774000	-4.711906e-09
81.775000	-3.423598e-09
81.776000	-3.101521e-09
81.777000	-3.101521e-09
81.778000	-4.067752e-09
81.779000	-4.389829e-09
81.780000	-5.35606e-09
81.781000	-2.457366e-09
81.782000	-4.389829e-09
81.783000	-3.423598e-09
81.784000	-6.966446e-09
81.785000	-6.644369e-09
81.786000	-5.35606e-09
81.787000	-4.067752e-09
81.788000	-3.101521e-09
81.789000	-4.711906e-09
81.790000	-2.457366e-09
81.791000	-3.101521e-09
81.792000	-3.101521e-09
81.793000	-3.423598e-09
81.794000	-3.745675e-09
81.795000	-4.711906e-09
81.796000	-3.745675e-09
81.797000	-4.067752e-09
81.798000	-6.644369e-09
81.799000	-4.389829e-09
81.800000	-3.745675e-09
81.801000	-2.457366e-09
81.802000	-4.067752e-09
81.803000	-1.169058e-09
81.804000	-2.779444e-09
81.805000	-2.135289e-09
81.806000	-2.135289e-09
81.807000	-4.711906e-09
81.808000	-3.101521e-09
81.809000	-3.423598e-09
81.810000	-4.389829e-09
81.811000	-3.101521e-09
81.812000	-2.457366e-09
81.813000	-2.028267e-10
81.814000	-2.135289e-09
81.815000	-8.469809e-10
81.816000	-8.469809e-10
81.817000	-3.101521e-09
81.818000	-4.389829e-09
81.819000	-3.745675e-09
81.820000	-4.067752e-09
81.821000	-2.457366e-09
81.822000	-2.457366e-09
81.823000	-3.745675e-09
81.824000	-1.813212e-09
81.825000	-1.813212e-09
81.826000	-2.779444e-09
81.827000	-1.813212e-09
81.828000	-2.457366e-09
81.829000	-2.457366e-09
81.830000	-2.779444e-09
81.831000	-3.101521e-09
81.832000	-3.423598e-09
81.833000	-4.711906e-09
81.834000	-5.678137e-09
81.835000	-5.678137e-09
81.836000	-4.389829e-09
81.837000	-3.745675e-09
81.838000	-6.322292e-09
81.839000	-4.067752e-09
81.840000	-5.35606e-09
81.841000	-3.423598e-09
81.842000	-4.067752e-09
81.843000	-4.067752e-09
81.844000	-5.033983e-09
81.845000	-4.389829e-09
81.846000	-5.033983e-09
81.847000	-5.033983e-09
81.848000	-5.033983e-09
81.849000	-4.389829e-09
81.850000	-2.779444e-09
81.851000	-2.779444e-09
81.852000	-3.101521e-09
81.853000	-1.813212e-09
81.854000	-1.813212e-09
81.855000	-2.779444e-09
81.856000	-1.813212e-09
81.857000	-2.457366e-09
81.858000	-5.678137e-09
