***End_of_Header***
Time	Voltage
16.947000	4.263343e-10
16.948000	4.58542e-10
16.949000	4.16672e-10
16.950000	2.942827e-10
16.951000	2.781788e-10
16.952000	9.137409e-11
16.953000	-6.966446e-11
16.954000	-3.241054e-10
16.955000	-4.787024e-10
16.956000	-6.590656e-10
16.957000	-7.685718e-10
16.958000	-8.07221e-10
16.959000	-7.460264e-10
16.960000	-6.300786e-10
16.961000	-6.10754e-10
16.962000	-4.110662e-10
16.963000	-2.822353e-10
16.964000	-3.101521e-11
16.965000	1.654518e-10
16.966000	3.393735e-10
16.967000	4.456589e-10
16.968000	4.875289e-10
16.969000	4.16672e-10
16.970000	2.942827e-10
16.971000	3.007242e-10
16.972000	9.137409e-11
16.973000	-6.644369e-11
16.974000	-2.983392e-10
16.975000	-4.690401e-10
16.976000	-6.655071e-10
16.977000	-7.589095e-10
16.978000	-7.878964e-10
16.979000	-7.492471e-10
16.980000	-6.268578e-10
16.981000	-5.882086e-10
16.982000	-4.14287e-10
16.983000	-2.693523e-10
16.984000	-1.169058e-11
16.985000	1.751141e-10
16.986000	3.554773e-10
16.987000	4.649835e-10
16.988000	5.068536e-10
16.989000	4.553212e-10
16.990000	3.909058e-10
16.991000	3.87685e-10
16.992000	2.33088e-10
16.993000	1.106987e-10
16.994000	4.413275e-12
16.995000	-2.371446e-10
16.996000	-4.2717e-10
16.997000	8.954936e-09
16.998000	1.143815e-08
16.999000	1.12127e-08
17.000000	9.9727e-09
17.001000	8.268912e-09
17.002000	6.932292e-09
17.003000	5.817905e-09
17.004000	5.189855e-09
17.005000	4.639103e-09
17.006000	4.059364e-09
17.007000	3.463521e-09
17.008000	2.887003e-09
17.009000	2.281498e-09
17.010000	1.601916e-09
17.011000	1.151008e-09
17.012000	8.611384e-10
17.013000	7.967229e-10
17.014000	6.83996e-10
17.015000	6.678921e-10
17.016000	6.743336e-10
17.017000	5.006271e-09
17.018000	6.236605e-09
17.019000	6.452397e-09
17.020000	6.439514e-09
17.021000	6.336449e-09
17.022000	6.471722e-09
17.023000	6.50715e-09
17.024000	6.558682e-09
17.025000	6.648864e-09
17.026000	6.623098e-09
17.027000	6.436293e-09
17.028000	6.136761e-09
17.029000	5.724503e-09
17.030000	5.283257e-09
17.031000	4.964401e-09
17.032000	4.465181e-09
17.033000	4.04326e-09
17.034000	3.440976e-09
17.035000	2.774276e-09
17.036000	2.056044e-09
17.037000	1.476306e-09
17.038000	1.015735e-09
17.039000	7.516322e-10
17.040000	6.292429e-10
17.041000	4.58542e-10
17.042000	4.907497e-10
17.043000	5.455028e-10
17.044000	6.936583e-10
17.045000	8.063853e-10
17.046000	9.352161e-10
17.047000	1.009294e-09
17.048000	1.028618e-09
17.049000	9.674238e-10
17.050000	8.611384e-10
17.051000	8.128268e-10
17.052000	6.099182e-10
17.053000	3.941266e-10
17.054000	1.268026e-10
17.055000	-7.288523e-11
17.056000	-2.822353e-10
17.057000	-3.337677e-10
17.058000	-3.369885e-10
17.059000	-2.693523e-10
17.060000	-1.340799e-10
17.061000	-4.067752e-11
17.062000	1.622311e-10
17.063000	2.781788e-10
17.064000	5.132951e-10
17.065000	6.904375e-10
17.066000	8.772422e-10
17.067000	9.5132e-10
17.068000	9.480992e-10
17.069000	8.38593e-10
17.070000	6.646713e-10
17.071000	5.841521e-10
17.072000	3.007242e-10
17.073000	1.192504e-12
17.074000	-3.4343e-10
17.075000	-5.463386e-10
17.076000	-7.009356e-10
17.077000	-8.040003e-10
17.078000	-8.007795e-10
17.079000	-7.299225e-10
17.080000	-6.075332e-10
17.081000	-6.000215e-11
17.082000	2.652957e-10
17.083000	3.425942e-10
17.084000	4.359966e-10
17.085000	5.809313e-10
17.086000	6.936583e-10
17.087000	7.355283e-10
17.088000	7.290868e-10
17.089000	6.485675e-10
17.090000	4.875289e-10
17.091000	4.521004e-10
17.092000	2.427503e-10
17.093000	8.171178e-11
17.094000	-1.630668e-10
17.095000	-3.627546e-10
17.096000	-5.592217e-10
17.097000	-6.848317e-10
17.098000	-7.331433e-10
17.099000	-7.073771e-10
17.100000	-5.946501e-10
17.101000	-5.624424e-10
17.102000	-3.788585e-10
17.103000	-2.242615e-10
17.104000	1.729636e-11
17.105000	2.234257e-10
17.106000	4.198927e-10
17.107000	5.261782e-10
17.108000	5.583859e-10
17.109000	4.907497e-10
17.110000	3.586981e-10
17.111000	3.168281e-10
17.112000	1.235818e-10
17.113000	-4.711906e-11
17.114000	-2.532484e-10
17.115000	-4.883647e-10
17.116000	-6.912733e-10
17.117000	-8.07221e-10
17.118000	-8.265457e-10
17.119000	-8.136626e-10
17.120000	-6.880525e-10
17.121000	-6.429617e-10
17.122000	-4.529362e-10
17.123000	-3.047807e-10
17.124000	-4.711906e-11
17.125000	1.783349e-10
17.126000	3.619189e-10
17.127000	4.810874e-10
17.128000	5.036328e-10
17.129000	4.810874e-10
17.130000	3.393735e-10
17.131000	3.136073e-10
17.132000	1.042572e-10
17.133000	-5.35606e-11
17.134000	-3.144431e-10
17.135000	-5.173516e-10
17.136000	-6.94494e-10
17.137000	-8.104418e-10
17.138000	-8.716364e-10
17.139000	-8.619741e-10
17.140000	-7.202602e-10
17.141000	-6.81611e-10
17.142000	-4.915855e-10
17.143000	-3.466508e-10
17.144000	-9.220986e-11
17.145000	1.429064e-10
17.146000	3.103865e-10
17.147000	4.359966e-10
17.148000	4.843082e-10
17.149000	4.58542e-10
17.150000	3.03945e-10
17.151000	3.071658e-10
17.152000	1.106987e-10
17.153000	-5.033983e-11
17.154000	-3.0156e-10
17.155000	-5.044685e-10
17.156000	-6.880525e-10
17.157000	-7.943379e-10
17.158000	-8.329872e-10
17.159000	-8.007795e-10
17.160000	-6.751694e-10
17.161000	-6.365202e-10
17.162000	-4.658193e-10
17.163000	-3.0156e-10
17.164000	-6.000215e-11
17.165000	1.461272e-10
17.166000	3.168281e-10
17.167000	4.198927e-10
17.168000	4.488797e-10
17.169000	4.198927e-10
17.170000	3.071658e-10
17.171000	2.846204e-10
17.172000	1.010364e-10
17.173000	-5.033983e-11
17.174000	-2.918977e-10
17.175000	-4.658193e-10
17.176000	-6.590656e-10
17.177000	-7.814549e-10
17.178000	-7.975587e-10
17.179000	-7.814549e-10
17.180000	-6.719486e-10
17.181000	-6.204163e-10
17.182000	-4.787024e-10
17.183000	-3.208846e-10
17.184000	-8.254754e-11
17.185000	1.332441e-10
17.186000	3.103865e-10
17.187000	4.070097e-10
17.188000	4.263343e-10
17.189000	4.005681e-10
17.190000	2.942827e-10
17.191000	2.524126e-10
17.192000	8.171178e-11
17.193000	-8.898909e-11
17.194000	-3.112223e-10
17.195000	-5.076893e-10
17.196000	-6.81611e-10
17.197000	-7.782341e-10
17.198000	-8.201041e-10
17.199000	-7.846756e-10
17.200000	-6.52624e-10
17.201000	-6.268578e-10
17.202000	-4.593778e-10
17.203000	-3.080015e-10
17.204000	-7.932677e-11
17.205000	1.20361e-10
17.206000	3.103865e-10
17.207000	4.005681e-10
17.208000	4.424381e-10
17.209000	4.070097e-10
17.210000	2.781788e-10
17.211000	2.652957e-10
17.212000	7.527024e-11
17.213000	-7.288523e-11
17.214000	-3.144431e-10
17.215000	-4.915855e-10
17.216000	-6.622863e-10
17.217000	-7.943379e-10
17.218000	-8.07221e-10
17.219000	-7.911172e-10
17.220000	-6.751694e-10
17.221000	-6.429617e-10
17.222000	-4.625985e-10
17.223000	-3.112223e-10
17.224000	-6.644369e-11
17.225000	1.364649e-10
17.226000	3.297111e-10
17.227000	4.198927e-10
17.228000	4.521004e-10
17.229000	4.134512e-10
17.230000	2.781788e-10
17.231000	2.717373e-10
17.232000	7.849101e-11
17.233000	-8.254754e-11
17.234000	-3.241054e-10
17.235000	-4.722608e-10
17.236000	-6.81611e-10
17.237000	-7.911172e-10
17.238000	-8.040003e-10
17.239000	-7.782341e-10
17.240000	-6.687279e-10
17.241000	-6.204163e-10
17.242000	-4.432739e-10
17.243000	-3.176638e-10
17.244000	-8.576831e-11
17.245000	1.300233e-10
17.246000	3.103865e-10
