***End_of_Header***
Time	Voltage
4.958000	-4.711906e-09
4.959000	-5.033983e-09
4.960000	-3.745675e-09
4.961000	-4.711906e-09
4.962000	-4.711906e-09
4.963000	-2.779444e-09
4.964000	-4.711906e-09
4.965000	-2.135289e-09
4.966000	-2.135289e-09
4.967000	-2.457366e-09
4.968000	-2.135289e-09
4.969000	-8.469809e-10
4.970000	-3.101521e-09
4.971000	-3.423598e-09
4.972000	-2.135289e-09
4.973000	-3.423598e-09
4.974000	-3.423598e-09
4.975000	-4.711906e-09
4.976000	-3.745675e-09
4.977000	-4.711906e-09
4.978000	-5.033983e-09
4.979000	-6.322292e-09
4.980000	-4.067752e-09
4.981000	-6.966446e-09
4.982000	-5.678137e-09
4.983000	-4.389829e-09
4.984000	-2.779444e-09
4.985000	-3.101521e-09
4.986000	-2.457366e-09
4.987000	-1.169058e-09
4.988000	-2.457366e-09
4.989000	-2.135289e-09
4.990000	-2.457366e-09
4.991000	-2.457366e-09
4.992000	-5.35606e-09
4.993000	-3.423598e-09
4.994000	-3.101521e-09
4.995000	-5.35606e-09
4.996000	-4.389829e-09
4.997000	-5.033983e-09
4.998000	-3.745675e-09
4.999000	-6.000215e-09
5.000000	-5.35606e-09
5.001000	-2.779444e-09
5.002000	-3.745675e-09
5.003000	-3.745675e-09
5.004000	-3.745675e-09
5.005000	-3.101521e-09
5.006000	-2.135289e-09
5.007000	-3.745675e-09
5.008000	9.609823e-08
5.009000	6.743336e-08
5.010000	4.553212e-08
5.011000	3.522565e-08
5.012000	2.975034e-08
5.013000	2.041011e-08
5.014000	1.622311e-08
5.015000	7.204947e-09
5.016000	2.695867e-09
5.017000	-2.028267e-10
5.018000	7.634046e-10
5.019000	-2.028267e-10
5.020000	-1.813212e-09
5.021000	-5.249038e-10
5.022000	-5.249038e-10
5.023000	2.051713e-09
5.024000	-2.028267e-10
5.025000	3.340021e-09
5.026000	4.62833e-09
5.027000	8.493255e-09
5.028000	1.783349e-08
5.029000	1.847765e-08
5.030000	2.395296e-08
5.031000	2.62075e-08
5.032000	2.846204e-08
5.033000	2.878411e-08
5.034000	2.813996e-08
5.035000	2.781788e-08
5.036000	2.685165e-08
5.037000	2.781788e-08
5.038000	1.718934e-08
5.039000	6.560792e-09
5.040000	7.204947e-09
5.041000	5.916638e-09
5.042000	2.37379e-09
5.043000	2.695867e-09
5.044000	2.695867e-09
5.045000	3.662099e-09
5.046000	2.695867e-09
5.047000	1.729636e-09
5.048000	3.340021e-09
5.049000	1.085482e-09
5.050000	4.413275e-10
5.051000	7.634046e-10
5.052000	1.407559e-09
5.053000	-2.779444e-09
5.054000	-8.469809e-10
5.055000	-1.169058e-09
5.056000	-3.423598e-09
5.057000	-8.469809e-10
5.058000	-2.457366e-09
5.059000	-2.779444e-09
5.060000	-1.491135e-09
5.061000	-8.469809e-10
5.062000	-2.028267e-10
5.063000	4.413275e-10
5.064000	7.634046e-10
5.065000	3.662099e-09
5.066000	4.950407e-09
5.067000	1.847765e-08
5.068000	4.005681e-08
5.069000	2.008803e-08
5.070000	1.139195e-08
5.071000	9.137409e-09
5.072000	8.171178e-09
5.073000	4.62833e-09
5.074000	4.950407e-09
5.075000	2.695867e-09
5.076000	2.37379e-09
5.077000	1.729636e-09
5.078000	1.729636e-09
5.079000	-3.101521e-09
5.080000	1.085482e-09
5.081000	7.634046e-10
5.082000	1.192504e-10
5.083000	7.634046e-10
5.084000	1.192504e-10
5.085000	1.407559e-09
5.086000	2.051713e-09
5.087000	1.407559e-09
5.088000	1.085482e-09
5.089000	1.729636e-09
5.090000	4.413275e-10
5.091000	1.192504e-10
5.092000	1.729636e-09
5.093000	-2.028267e-10
5.094000	1.192504e-10
5.095000	-2.457366e-09
5.096000	-3.101521e-09
5.097000	-2.457366e-09
5.098000	-3.423598e-09
5.099000	-5.35606e-09
5.100000	-2.457366e-09
5.101000	-2.457366e-09
5.102000	-3.423598e-09
5.103000	-2.779444e-09
5.104000	-2.457366e-09
5.105000	-2.135289e-09
5.106000	-1.169058e-09
5.107000	-2.028267e-10
5.108000	-1.169058e-09
5.109000	-5.249038e-10
5.110000	-8.469809e-10
5.111000	-2.135289e-09
5.112000	-3.423598e-09
5.113000	-4.389829e-09
5.114000	-2.779444e-09
5.115000	-2.779444e-09
5.116000	-6.644369e-09
5.117000	-3.745675e-09
5.118000	-4.067752e-09
5.119000	-4.711906e-09
5.120000	-4.389829e-09
5.121000	-4.067752e-09
5.122000	-4.711906e-09
5.123000	-1.491135e-09
5.124000	-4.389829e-09
5.125000	-2.135289e-09
5.126000	-1.813212e-09
5.127000	-1.169058e-09
5.128000	-1.813212e-09
5.129000	-1.169058e-09
5.130000	-1.813212e-09
5.131000	-2.135289e-09
5.132000	-5.249038e-10
5.133000	-1.813212e-09
5.134000	-2.135289e-09
5.135000	-4.067752e-09
5.136000	-3.745675e-09
5.137000	-3.101521e-09
5.138000	-4.067752e-09
5.139000	-4.067752e-09
5.140000	-2.779444e-09
5.141000	-3.745675e-09
5.142000	-4.067752e-09
5.143000	-2.457366e-09
5.144000	-3.423598e-09
5.145000	-3.101521e-09
5.146000	-1.813212e-09
5.147000	-1.813212e-09
5.148000	-1.491135e-09
5.149000	-5.249038e-10
5.150000	-3.423598e-09
5.151000	-2.135289e-09
5.152000	-2.028267e-10
5.153000	-2.457366e-09
5.154000	-3.423598e-09
5.155000	-4.711906e-09
5.156000	-4.067752e-09
5.157000	-4.067752e-09
5.158000	-3.423598e-09
5.159000	-3.423598e-09
5.160000	-3.745675e-09
5.161000	-3.423598e-09
5.162000	-5.35606e-09
5.163000	-6.644369e-09
5.164000	-4.067752e-09
5.165000	-1.813212e-09
5.166000	-1.813212e-09
5.167000	-1.813212e-09
5.168000	-1.169058e-09
5.169000	-1.491135e-09
5.170000	-2.457366e-09
5.171000	-2.135289e-09
5.172000	1.192504e-10
5.173000	-2.779444e-09
5.174000	-3.423598e-09
5.175000	-3.423598e-09
5.176000	-3.745675e-09
5.177000	-6.000215e-09
5.178000	-5.678137e-09
5.179000	-4.389829e-09
5.180000	-4.389829e-09
5.181000	-3.423598e-09
5.182000	-4.389829e-09
5.183000	-4.711906e-09
5.184000	-4.711906e-09
5.185000	-1.813212e-09
5.186000	-2.457366e-09
5.187000	-2.779444e-09
5.188000	-3.101521e-09
5.189000	-8.469809e-10
5.190000	-2.135289e-09
5.191000	-1.491135e-09
5.192000	-2.457366e-09
5.193000	-3.423598e-09
5.194000	-2.457366e-09
5.195000	-3.101521e-09
5.196000	-3.745675e-09
5.197000	-5.033983e-09
5.198000	-5.033983e-09
5.199000	-5.35606e-09
5.200000	-5.35606e-09
5.201000	-3.745675e-09
5.202000	-5.35606e-09
5.203000	-2.779444e-09
5.204000	-4.067752e-09
5.205000	-3.101521e-09
5.206000	-2.457366e-09
5.207000	-4.067752e-09
5.208000	-1.491135e-09
5.209000	-1.169058e-09
5.210000	-1.169058e-09
5.211000	-1.813212e-09
5.212000	-8.469809e-10
5.213000	-2.457366e-09
5.214000	-3.423598e-09
5.215000	-3.423598e-09
5.216000	-3.745675e-09
5.217000	-4.389829e-09
5.218000	-3.745675e-09
5.219000	-4.389829e-09
5.220000	-4.711906e-09
5.221000	-4.389829e-09
5.222000	-4.711906e-09
5.223000	-4.067752e-09
5.224000	-4.389829e-09
5.225000	-2.135289e-09
5.226000	-3.101521e-09
5.227000	-2.135289e-09
5.228000	-2.457366e-09
5.229000	-5.249038e-10
5.230000	-2.457366e-09
5.231000	-1.491135e-09
5.232000	-3.745675e-09
5.233000	-2.779444e-09
5.234000	-2.779444e-09
5.235000	-3.101521e-09
5.236000	-3.101521e-09
5.237000	-4.711906e-09
5.238000	-3.745675e-09
5.239000	-4.711906e-09
5.240000	-4.389829e-09
5.241000	-5.033983e-09
5.242000	-5.033983e-09
5.243000	-2.779444e-09
5.244000	-4.389829e-09
5.245000	-3.101521e-09
5.246000	-1.491135e-09
5.247000	-5.249038e-10
5.248000	-2.779444e-09
5.249000	-1.491135e-09
5.250000	-1.491135e-09
5.251000	-3.423598e-09
5.252000	-1.813212e-09
5.253000	-3.101521e-09
5.254000	-3.423598e-09
5.255000	-5.678137e-09
5.256000	-3.423598e-09
5.257000	-5.678137e-09
