***End_of_Header***
Time	Voltage
20.897000	-5.033983e-09
20.898000	-3.745675e-09
20.899000	-4.389829e-09
20.900000	-3.101521e-09
20.901000	-2.457366e-09
20.902000	-1.491135e-09
20.903000	-5.249038e-10
20.904000	-3.423598e-09
20.905000	-4.711906e-09
20.906000	-3.423598e-09
20.907000	-2.028267e-10
20.908000	-8.469809e-10
20.909000	1.729636e-09
20.910000	-3.101521e-09
20.911000	-2.779444e-09
20.912000	-4.067752e-09
20.913000	-5.678137e-09
20.914000	-4.389829e-09
20.915000	-4.711906e-09
20.916000	-4.067752e-09
20.917000	-5.678137e-09
20.918000	-5.033983e-09
20.919000	-4.067752e-09
20.920000	-2.779444e-09
20.921000	-2.779444e-09
20.922000	-3.423598e-09
20.923000	-1.813212e-09
20.924000	-2.457366e-09
20.925000	-3.745675e-09
20.926000	-3.745675e-09
20.927000	-5.35606e-09
20.928000	-3.745675e-09
20.929000	-3.745675e-09
20.930000	-6.000215e-09
20.931000	-5.678137e-09
20.932000	-5.35606e-09
20.933000	-4.389829e-09
20.934000	-5.033983e-09
20.935000	-4.711906e-09
20.936000	-4.711906e-09
20.937000	-5.35606e-09
20.938000	-4.711906e-09
20.939000	-4.389829e-09
20.940000	-1.491135e-09
20.941000	-2.135289e-09
20.942000	-8.469809e-10
20.943000	-5.249038e-10
20.944000	-2.779444e-09
20.945000	-1.813212e-09
20.946000	7.634046e-10
20.947000	3.780227e-08
20.948000	3.780227e-08
20.949000	3.007242e-08
20.950000	2.234257e-08
20.951000	1.139195e-08
20.952000	-5.033983e-09
20.953000	-2.779444e-09
20.954000	-1.813212e-09
20.955000	-4.389829e-09
20.956000	-8.254754e-09
20.957000	-1.17976e-08
20.958000	-1.244176e-08
20.959000	-8.898909e-09
20.960000	-2.457366e-09
20.961000	-2.028267e-10
20.962000	1.407559e-09
20.963000	7.634046e-10
20.964000	1.192504e-10
20.965000	7.634046e-10
20.966000	1.729636e-09
20.967000	7.634046e-10
20.968000	-1.491135e-09
20.969000	-5.249038e-10
20.970000	-2.457366e-09
20.971000	-2.457366e-09
20.972000	-2.779444e-09
20.973000	-2.457366e-09
20.974000	-3.423598e-09
20.975000	-8.469809e-10
20.976000	4.413275e-10
20.977000	7.634046e-10
20.978000	4.413275e-10
20.979000	2.37379e-09
20.980000	2.051713e-09
20.981000	4.306253e-09
20.982000	2.695867e-09
20.983000	3.017944e-09
20.984000	2.37379e-09
20.985000	1.192504e-10
20.986000	-5.249038e-10
20.987000	7.634046e-10
20.988000	1.407559e-09
20.989000	-1.813212e-09
20.990000	-3.745675e-09
20.991000	-2.135289e-09
20.992000	-2.135289e-09
20.993000	-1.491135e-09
20.994000	-2.457366e-09
20.995000	-1.491135e-09
20.996000	-8.469809e-10
20.997000	-1.491135e-09
20.998000	-1.491135e-09
20.999000	-5.249038e-10
21.000000	4.413275e-10
21.001000	1.407559e-09
21.002000	2.695867e-09
21.003000	5.272484e-09
21.004000	3.984176e-09
21.005000	5.272484e-09
21.006000	6.163598e-08
21.007000	4.939705e-08
21.008000	1.847765e-08
21.009000	5.594561e-09
21.010000	-1.169058e-09
21.011000	-8.469809e-10
21.012000	-2.779444e-09
21.013000	-3.423598e-09
21.014000	-2.457366e-09
21.015000	-2.135289e-09
21.016000	-1.813212e-09
21.017000	-1.491135e-09
21.018000	-1.491135e-09
21.019000	-5.249038e-10
21.020000	-1.813212e-09
21.021000	1.192504e-10
21.022000	-5.249038e-10
21.023000	4.413275e-10
21.024000	-2.135289e-09
21.025000	-5.249038e-10
21.026000	-3.101521e-09
21.027000	-2.135289e-09
21.028000	-2.135289e-09
21.029000	-4.067752e-09
21.030000	-4.067752e-09
21.031000	-4.067752e-09
21.032000	-4.389829e-09
21.033000	-5.033983e-09
21.034000	-4.389829e-09
21.035000	-3.423598e-09
21.036000	-3.101521e-09
21.037000	-5.678137e-09
21.038000	-5.033983e-09
21.039000	-5.033983e-09
21.040000	-2.457366e-09
21.041000	-2.457366e-09
21.042000	-2.779444e-09
21.043000	-1.491135e-09
21.044000	-1.813212e-09
21.045000	-2.457366e-09
21.046000	-1.491135e-09
21.047000	-4.711906e-09
21.048000	-1.813212e-09
21.049000	-1.813212e-09
21.050000	-4.067752e-09
21.051000	-2.779444e-09
21.052000	-4.067752e-09
21.053000	-6.644369e-09
21.054000	-3.745675e-09
21.055000	-3.423598e-09
21.056000	-4.389829e-09
21.057000	-5.35606e-09
21.058000	-4.389829e-09
21.059000	-4.389829e-09
21.060000	-4.711906e-09
21.061000	-5.678137e-09
21.062000	-2.457366e-09
21.063000	-2.779444e-09
21.064000	-1.813212e-09
21.065000	-2.779444e-09
21.066000	-3.745675e-09
21.067000	-4.389829e-09
21.068000	-5.033983e-09
21.069000	-6.000215e-09
21.070000	-7.6106e-09
21.071000	-6.644369e-09
21.072000	-5.033983e-09
21.073000	-4.389829e-09
21.074000	-3.745675e-09
21.075000	-4.067752e-09
21.076000	-3.101521e-09
21.077000	-3.423598e-09
21.078000	-1.813212e-09
21.079000	-2.457366e-09
21.080000	-5.249038e-10
21.081000	-1.813212e-09
21.082000	-2.028267e-10
21.083000	-2.457366e-09
21.084000	-3.745675e-09
21.085000	-3.101521e-09
21.086000	-4.067752e-09
21.087000	-1.813212e-09
21.088000	-3.101521e-09
21.089000	-2.779444e-09
21.090000	-5.678137e-09
21.091000	-3.745675e-09
21.092000	-5.678137e-09
21.093000	-5.678137e-09
21.094000	-5.033983e-09
21.095000	-4.711906e-09
21.096000	-3.745675e-09
21.097000	-6.966446e-09
21.098000	-3.745675e-09
21.099000	-4.389829e-09
21.100000	-3.101521e-09
21.101000	-3.423598e-09
21.102000	-1.169058e-09
21.103000	-2.135289e-09
21.104000	-2.457366e-09
21.105000	-2.135289e-09
21.106000	-4.067752e-09
21.107000	-2.457366e-09
21.108000	-5.678137e-09
21.109000	-3.423598e-09
21.110000	-5.35606e-09
21.111000	-5.678137e-09
21.112000	-6.322292e-09
21.113000	-7.6106e-09
21.114000	-5.033983e-09
21.115000	-3.423598e-09
21.116000	-3.423598e-09
21.117000	-3.423598e-09
21.118000	-3.101521e-09
21.119000	-2.135289e-09
21.120000	-2.457366e-09
21.121000	-2.457366e-09
21.122000	-1.813212e-09
21.123000	-3.423598e-09
21.124000	-1.491135e-09
21.125000	-3.423598e-09
21.126000	-3.423598e-09
21.127000	-3.423598e-09
21.128000	-3.101521e-09
21.129000	-4.389829e-09
21.130000	-5.678137e-09
21.131000	-5.35606e-09
21.132000	-5.678137e-09
21.133000	-5.678137e-09
21.134000	-5.033983e-09
21.135000	-4.067752e-09
21.136000	-3.745675e-09
21.137000	-5.35606e-09
21.138000	-6.966446e-09
21.139000	-3.423598e-09
21.140000	-4.067752e-09
21.141000	-4.389829e-09
21.142000	-3.101521e-09
21.143000	-2.457366e-09
21.144000	-2.457366e-09
21.145000	-2.457366e-09
21.146000	-3.423598e-09
21.147000	-3.101521e-09
21.148000	-8.469809e-10
21.149000	-2.779444e-09
21.150000	-4.067752e-09
21.151000	-2.135289e-09
21.152000	-3.423598e-09
21.153000	-3.745675e-09
21.154000	-4.389829e-09
21.155000	-3.745675e-09
21.156000	-1.491135e-09
21.157000	-2.779444e-09
21.158000	-2.135289e-09
21.159000	-2.135289e-09
21.160000	-1.491135e-09
21.161000	-3.423598e-09
21.162000	-1.491135e-09
21.163000	-2.135289e-09
21.164000	-2.779444e-09
21.165000	-1.169058e-09
21.166000	-3.423598e-09
21.167000	-4.067752e-09
21.168000	-3.101521e-09
21.169000	-5.033983e-09
21.170000	-7.6106e-09
21.171000	-6.322292e-09
21.172000	-6.322292e-09
21.173000	-4.711906e-09
21.174000	-4.711906e-09
21.175000	-5.033983e-09
21.176000	-4.389829e-09
21.177000	-4.711906e-09
21.178000	-4.711906e-09
21.179000	-4.067752e-09
21.180000	-2.135289e-09
21.181000	-1.813212e-09
21.182000	-1.491135e-09
21.183000	-5.249038e-10
21.184000	-2.779444e-09
21.185000	-3.101521e-09
21.186000	-3.745675e-09
21.187000	-2.135289e-09
21.188000	-2.457366e-09
21.189000	-2.457366e-09
21.190000	-4.067752e-09
21.191000	-3.745675e-09
21.192000	-6.000215e-09
21.193000	-3.745675e-09
21.194000	-3.745675e-09
21.195000	-3.423598e-09
21.196000	-2.779444e-09
