***End_of_Header***
Time	Voltage
8.302000	-2.135289e-09
8.303000	-2.135289e-09
8.304000	-3.745675e-09
8.305000	-2.779444e-09
8.306000	-4.067752e-09
8.307000	-5.033983e-09
8.308000	-4.711906e-09
8.309000	-3.101521e-09
8.310000	-3.423598e-09
8.311000	-5.35606e-09
8.312000	-4.389829e-09
8.313000	-3.423598e-09
8.314000	-3.101521e-09
8.315000	-1.813212e-09
8.316000	-1.813212e-09
8.317000	-1.169058e-09
8.318000	-2.779444e-09
8.319000	-3.745675e-09
8.320000	-1.491135e-09
8.321000	-1.813212e-09
8.322000	-2.457366e-09
8.323000	-3.745675e-09
8.324000	-3.423598e-09
8.325000	-3.745675e-09
8.326000	-4.711906e-09
8.327000	-5.033983e-09
8.328000	-6.000215e-09
8.329000	-4.389829e-09
8.330000	-3.745675e-09
8.331000	-4.389829e-09
8.332000	-3.745675e-09
8.333000	-4.067752e-09
8.334000	-3.101521e-09
8.335000	-2.779444e-09
8.336000	-2.779444e-09
8.337000	-8.469809e-10
8.338000	-3.101521e-09
8.339000	-2.457366e-09
8.340000	-2.779444e-09
8.341000	-2.457366e-09
8.342000	-3.101521e-09
8.343000	-8.469809e-10
8.344000	-3.101521e-09
8.345000	-8.469809e-10
8.346000	-2.779444e-09
8.347000	-3.423598e-09
8.348000	-3.101521e-09
8.349000	-2.135289e-09
8.350000	-4.067752e-09
8.351000	-2.457366e-09
8.352000	9.22333e-08
8.353000	9.9319e-08
8.354000	8.836838e-08
8.355000	7.612945e-08
8.356000	6.83996e-08
8.357000	5.648274e-08
8.358000	4.843082e-08
8.359000	4.134512e-08
8.360000	3.007242e-08
8.361000	1.944388e-08
8.362000	4.306253e-09
8.363000	-4.389829e-09
8.364000	-2.135289e-09
8.365000	5.594561e-09
8.366000	7.849101e-09
8.367000	9.459486e-09
8.368000	1.300233e-08
8.369000	1.139195e-08
8.370000	9.459486e-09
8.371000	1.171403e-08
8.372000	9.781563e-09
8.373000	8.493255e-09
8.374000	8.815332e-09
8.375000	4.950407e-09
8.376000	5.916638e-09
8.377000	5.594561e-09
8.378000	-2.779444e-09
8.379000	7.634046e-10
8.380000	5.594561e-09
8.381000	6.560792e-09
8.382000	8.493255e-09
8.383000	7.849101e-09
8.384000	8.493255e-09
8.385000	1.010364e-08
8.386000	8.493255e-09
8.387000	6.560792e-09
8.388000	6.88287e-09
8.389000	8.171178e-09
8.390000	8.171178e-09
8.391000	8.815332e-09
8.392000	9.459486e-09
8.393000	1.106987e-08
8.394000	9.459486e-09
8.395000	9.137409e-09
8.396000	1.268026e-08
8.397000	2.556334e-08
8.398000	1.590103e-08
8.399000	1.622311e-08
8.400000	2.008803e-08
8.401000	1.498851e-07
8.402000	1.080151e-07
8.403000	4.488797e-08
8.404000	2.234257e-08
8.405000	1.751141e-08
8.406000	1.268026e-08
8.407000	1.139195e-08
8.408000	1.525687e-08
8.409000	1.525687e-08
8.410000	1.364649e-08
8.411000	1.171403e-08
8.412000	8.815332e-09
8.413000	8.815332e-09
8.414000	9.781563e-09
8.415000	9.137409e-09
8.416000	9.459486e-09
8.417000	8.493255e-09
8.418000	8.171178e-09
8.419000	7.527024e-09
8.420000	6.238715e-09
8.421000	7.849101e-09
8.422000	3.662099e-09
8.423000	2.051713e-09
8.424000	-1.491135e-09
8.425000	1.192504e-10
8.426000	-1.813212e-09
8.427000	-3.423598e-09
8.428000	-2.779444e-09
8.429000	-4.389829e-09
8.430000	-5.033983e-09
8.431000	-7.932677e-09
8.432000	-6.322292e-09
8.433000	-6.000215e-09
8.434000	-4.711906e-09
8.435000	-3.745675e-09
8.436000	-2.779444e-09
8.437000	-3.101521e-09
8.438000	-2.457366e-09
8.439000	-3.101521e-09
8.440000	-1.813212e-09
8.441000	-2.457366e-09
8.442000	-1.813212e-09
8.443000	-1.491135e-09
8.444000	-2.135289e-09
8.445000	-1.169058e-09
8.446000	-3.745675e-09
8.447000	-2.779444e-09
8.448000	-5.033983e-09
8.449000	-3.423598e-09
8.450000	-2.135289e-09
8.451000	-1.491135e-09
8.452000	-1.813212e-09
8.453000	-2.135289e-09
8.454000	1.192504e-10
8.455000	-1.491135e-09
8.456000	-2.135289e-09
8.457000	-1.491135e-09
8.458000	-2.457366e-09
8.459000	1.192504e-10
8.460000	-1.491135e-09
8.461000	-2.457366e-09
8.462000	-3.423598e-09
8.463000	-3.745675e-09
8.464000	-5.35606e-09
8.465000	-4.389829e-09
8.466000	-5.678137e-09
8.467000	-4.067752e-09
8.468000	-3.101521e-09
8.469000	-3.423598e-09
8.470000	-5.033983e-09
8.471000	-3.745675e-09
8.472000	-3.745675e-09
8.473000	-2.779444e-09
8.474000	-1.491135e-09
8.475000	-2.135289e-09
8.476000	-2.779444e-09
8.477000	-2.457366e-09
8.478000	-2.135289e-09
8.479000	-2.779444e-09
8.480000	-4.711906e-09
8.481000	-3.423598e-09
8.482000	-2.779444e-09
8.483000	-4.389829e-09
8.484000	-4.711906e-09
8.485000	-4.067752e-09
8.486000	-4.711906e-09
8.487000	-3.745675e-09
8.488000	-3.423598e-09
8.489000	-4.067752e-09
8.490000	-4.711906e-09
8.491000	-3.101521e-09
8.492000	-4.711906e-09
8.493000	-3.101521e-09
8.494000	-1.813212e-09
8.495000	-3.423598e-09
8.496000	-2.457366e-09
8.497000	-3.745675e-09
8.498000	-2.457366e-09
8.499000	-3.423598e-09
8.500000	-3.101521e-09
8.501000	-3.423598e-09
8.502000	-4.711906e-09
8.503000	-5.033983e-09
8.504000	-6.322292e-09
8.505000	-4.711906e-09
8.506000	-5.35606e-09
8.507000	-3.745675e-09
8.508000	-4.389829e-09
8.509000	-3.101521e-09
8.510000	-4.711906e-09
8.511000	-6.000215e-09
8.512000	-4.067752e-09
8.513000	-4.067752e-09
8.514000	-5.249038e-10
8.515000	-2.135289e-09
8.516000	-5.249038e-10
8.517000	-1.813212e-09
8.518000	-2.135289e-09
8.519000	-1.491135e-09
8.520000	-3.101521e-09
8.521000	-1.169058e-09
8.522000	-2.135289e-09
8.523000	-2.135289e-09
8.524000	-3.101521e-09
8.525000	-2.779444e-09
8.526000	-3.745675e-09
8.527000	-3.745675e-09
8.528000	-3.745675e-09
8.529000	-3.423598e-09
8.530000	-3.101521e-09
8.531000	-5.033983e-09
8.532000	-4.389829e-09
8.533000	-6.322292e-09
8.534000	-4.389829e-09
8.535000	-3.423598e-09
8.536000	-3.101521e-09
8.537000	-1.169058e-09
8.538000	-2.457366e-09
8.539000	-2.779444e-09
8.540000	-4.389829e-09
8.541000	-4.711906e-09
8.542000	-4.389829e-09
8.543000	-4.711906e-09
8.544000	-4.067752e-09
8.545000	-3.101521e-09
8.546000	-3.745675e-09
8.547000	-5.033983e-09
8.548000	-3.101521e-09
8.549000	-3.101521e-09
8.550000	-3.423598e-09
8.551000	-3.745675e-09
8.552000	-1.169058e-09
8.553000	-1.169058e-09
8.554000	-2.028267e-10
8.555000	-2.028267e-10
8.556000	-1.813212e-09
8.557000	-2.028267e-10
8.558000	-2.135289e-09
8.559000	-3.745675e-09
8.560000	-2.779444e-09
8.561000	-3.423598e-09
8.562000	-3.745675e-09
8.563000	-3.101521e-09
8.564000	-4.711906e-09
8.565000	-3.745675e-09
8.566000	-4.067752e-09
8.567000	-6.644369e-09
8.568000	-4.389829e-09
8.569000	-4.711906e-09
8.570000	-4.067752e-09
8.571000	-4.711906e-09
8.572000	-5.678137e-09
8.573000	-3.745675e-09
8.574000	-1.491135e-09
8.575000	-4.067752e-09
8.576000	-2.779444e-09
8.577000	-8.469809e-10
8.578000	-2.457366e-09
8.579000	-3.101521e-09
8.580000	-2.457366e-09
8.581000	-3.101521e-09
8.582000	-2.457366e-09
8.583000	-2.135289e-09
8.584000	-3.745675e-09
8.585000	-2.135289e-09
8.586000	-4.067752e-09
8.587000	-4.711906e-09
8.588000	-5.35606e-09
8.589000	-2.457366e-09
8.590000	-2.779444e-09
8.591000	-3.101521e-09
8.592000	-1.491135e-09
8.593000	-2.457366e-09
8.594000	-1.813212e-09
8.595000	-3.423598e-09
8.596000	-1.813212e-09
8.597000	-8.469809e-10
8.598000	-1.491135e-09
8.599000	-3.101521e-09
8.600000	-4.711906e-09
8.601000	-3.101521e-09
