***End_of_Header***
Time	Voltage
7.018000	-1.813212e-09
7.019000	-1.813212e-09
7.020000	-1.491135e-09
7.021000	1.192504e-10
7.022000	-1.813212e-09
7.023000	-4.711906e-09
7.024000	-5.033983e-09
7.025000	-5.678137e-09
7.026000	-4.067752e-09
7.027000	-4.711906e-09
7.028000	-5.249038e-10
7.029000	-5.35606e-09
7.030000	-6.966446e-09
7.031000	-6.000215e-09
7.032000	-6.000215e-09
7.033000	-4.711906e-09
7.034000	-5.35606e-09
7.035000	-1.169058e-09
7.036000	-1.169058e-09
7.037000	-2.779444e-09
7.038000	-6.966446e-09
7.039000	-5.35606e-09
7.040000	-2.457366e-09
7.041000	-1.813212e-09
7.042000	-1.813212e-09
7.043000	-8.469809e-10
7.044000	-1.813212e-09
7.045000	-4.389829e-09
7.046000	-6.000215e-09
7.047000	-6.000215e-09
7.048000	-3.423598e-09
7.049000	-6.966446e-09
7.050000	-5.35606e-09
7.051000	-5.35606e-09
7.052000	-5.35606e-09
7.053000	-5.249038e-10
7.054000	-1.813212e-09
7.055000	-1.491135e-09
7.056000	7.634046e-10
7.057000	-1.491135e-09
7.058000	-5.35606e-09
7.059000	-5.35606e-09
7.060000	-3.101521e-09
7.061000	-3.745675e-09
7.062000	-3.423598e-09
7.063000	-4.389829e-09
7.064000	-4.067752e-09
7.065000	-3.423598e-09
7.066000	-3.745675e-09
7.067000	-4.067752e-09
7.068000	6.872167e-08
7.069000	5.165159e-08
7.070000	3.812435e-08
7.071000	3.361527e-08
7.072000	3.200488e-08
7.073000	2.781788e-08
7.074000	2.62075e-08
7.075000	2.234257e-08
7.076000	1.847765e-08
7.077000	2.202049e-08
7.078000	1.815557e-08
7.079000	1.783349e-08
7.080000	1.429064e-08
7.081000	1.268026e-08
7.082000	1.042572e-08
7.083000	6.560792e-09
7.084000	4.306253e-09
7.085000	7.849101e-09
7.086000	8.815332e-09
7.087000	5.594561e-09
7.088000	8.493255e-09
7.089000	6.560792e-09
7.090000	5.916638e-09
7.091000	5.916638e-09
7.092000	2.051713e-09
7.093000	5.916638e-09
7.094000	4.306253e-09
7.095000	5.916638e-09
7.096000	6.560792e-09
7.097000	7.204947e-09
7.098000	4.306253e-09
7.099000	3.984176e-09
7.100000	2.37379e-09
7.101000	3.340021e-09
7.102000	3.984176e-09
7.103000	5.272484e-09
7.104000	4.306253e-09
7.105000	1.407559e-09
7.106000	1.192504e-10
7.107000	-8.469809e-10
7.108000	2.695867e-09
7.109000	-2.028267e-10
7.110000	-2.028267e-10
7.111000	3.662099e-09
7.112000	4.950407e-09
7.113000	7.204947e-09
7.114000	5.594561e-09
7.115000	4.950407e-09
7.116000	3.984176e-09
7.117000	5.916638e-09
7.118000	1.085482e-09
7.119000	1.407559e-09
7.120000	5.272484e-09
7.121000	6.560792e-09
7.122000	7.527024e-09
7.123000	6.560792e-09
7.124000	6.238715e-09
7.125000	8.815332e-09
7.126000	6.88287e-09
7.127000	1.729636e-09
7.128000	5.916638e-09
7.129000	1.042572e-08
7.130000	1.20361e-08
7.131000	1.042572e-08
7.132000	9.459486e-09
7.133000	9.781563e-09
7.134000	1.074779e-08
7.135000	8.493255e-09
7.136000	9.137409e-09
7.137000	1.171403e-08
7.138000	1.300233e-08
7.139000	1.042572e-08
7.140000	7.204947e-09
7.141000	8.171178e-09
7.142000	1.010364e-08
7.143000	1.139195e-08
7.144000	9.137409e-09
7.145000	1.106987e-08
7.146000	1.300233e-08
7.147000	1.106987e-08
7.148000	1.429064e-08
7.149000	1.332441e-08
7.150000	1.783349e-08
7.151000	1.847765e-08
7.152000	2.041011e-08
7.153000	2.813996e-08
7.154000	3.264904e-08
7.155000	2.072148e-07
7.156000	1.096255e-07
7.157000	6.066975e-08
7.158000	3.780227e-08
7.159000	2.33088e-08
7.160000	1.976595e-08
7.161000	2.073218e-08
7.162000	1.847765e-08
7.163000	1.622311e-08
7.164000	1.461272e-08
7.165000	1.461272e-08
7.166000	1.622311e-08
7.167000	1.429064e-08
7.168000	1.396857e-08
7.169000	1.364649e-08
7.170000	1.91218e-08
7.171000	2.137634e-08
7.172000	2.041011e-08
7.173000	1.751141e-08
7.174000	1.879972e-08
7.175000	1.815557e-08
7.176000	1.557895e-08
7.177000	1.235818e-08
7.178000	1.396857e-08
7.179000	1.461272e-08
7.180000	1.300233e-08
7.181000	8.815332e-09
7.182000	4.306253e-09
7.183000	8.171178e-09
7.184000	8.493255e-09
7.185000	6.238715e-09
7.186000	3.662099e-09
7.187000	7.634046e-10
7.188000	5.916638e-09
7.189000	3.340021e-09
7.190000	-2.779444e-09
7.191000	-3.745675e-09
7.192000	-6.322292e-09
7.193000	-1.813212e-09
7.194000	-1.813212e-09
7.195000	-3.101521e-09
7.196000	-5.249038e-10
7.197000	2.695867e-09
7.198000	-3.745675e-09
7.199000	-4.389829e-09
7.200000	-2.135289e-09
7.201000	-5.249038e-10
7.202000	-5.249038e-10
7.203000	-1.813212e-09
7.204000	-2.779444e-09
7.205000	-2.779444e-09
7.206000	-3.745675e-09
7.207000	-6.322292e-09
7.208000	-5.033983e-09
7.209000	-2.779444e-09
7.210000	-8.469809e-10
7.211000	-4.067752e-09
7.212000	-5.249038e-10
7.213000	-1.813212e-09
7.214000	-1.813212e-09
7.215000	2.051713e-09
7.216000	-8.469809e-10
7.217000	-5.249038e-10
7.218000	-3.101521e-09
7.219000	-2.028267e-10
7.220000	-5.249038e-10
7.221000	-5.249038e-10
7.222000	4.413275e-10
7.223000	-1.169058e-09
7.224000	-2.028267e-10
7.225000	-3.745675e-09
7.226000	-6.000215e-09
7.227000	-6.322292e-09
7.228000	-2.135289e-09
7.229000	-2.457366e-09
7.230000	-4.389829e-09
7.231000	-5.35606e-09
7.232000	-5.35606e-09
7.233000	-2.779444e-09
7.234000	-3.101521e-09
7.235000	-3.745675e-09
7.236000	-2.028267e-10
7.237000	1.729636e-09
7.238000	-3.101521e-09
7.239000	-2.135289e-09
7.240000	-4.711906e-09
7.241000	-5.35606e-09
7.242000	-7.6106e-09
7.243000	-6.322292e-09
7.244000	-7.288523e-09
7.245000	-7.288523e-09
7.246000	-6.000215e-09
7.247000	-8.254754e-09
7.248000	-5.35606e-09
7.249000	-6.966446e-09
7.250000	-6.322292e-09
7.251000	-5.678137e-09
7.252000	-4.711906e-09
7.253000	-1.169058e-09
7.254000	-1.491135e-09
7.255000	-1.491135e-09
7.256000	-1.169058e-09
7.257000	-8.469809e-10
7.258000	-5.35606e-09
7.259000	-3.745675e-09
7.260000	-4.067752e-09
7.261000	-4.711906e-09
7.262000	-3.745675e-09
7.263000	-2.457366e-09
7.264000	-8.469809e-10
7.265000	-2.457366e-09
7.266000	-7.6106e-09
7.267000	-6.322292e-09
7.268000	-4.067752e-09
7.269000	-8.576831e-09
7.270000	-6.000215e-09
7.271000	-3.745675e-09
7.272000	-2.457366e-09
7.273000	-2.028267e-10
7.274000	3.340021e-09
7.275000	-2.457366e-09
7.276000	-2.779444e-09
7.277000	-8.469809e-10
7.278000	-4.067752e-09
7.279000	-1.491135e-09
7.280000	-5.249038e-10
7.281000	-2.457366e-09
7.282000	1.085482e-09
7.283000	-1.491135e-09
7.284000	-2.135289e-09
7.285000	-2.779444e-09
7.286000	-2.779444e-09
7.287000	-6.966446e-09
7.288000	-2.135289e-09
7.289000	-1.491135e-09
7.290000	7.634046e-10
7.291000	7.634046e-10
7.292000	-3.101521e-09
7.293000	-4.067752e-09
7.294000	-2.135289e-09
7.295000	1.192504e-10
7.296000	-1.491135e-09
7.297000	-8.469809e-10
7.298000	-1.491135e-09
7.299000	1.085482e-09
7.300000	-2.028267e-10
7.301000	-2.457366e-09
7.302000	-3.745675e-09
7.303000	-5.033983e-09
7.304000	-5.033983e-09
7.305000	-6.966446e-09
7.306000	-5.35606e-09
7.307000	-6.322292e-09
7.308000	1.192504e-10
7.309000	-3.423598e-09
7.310000	-5.35606e-09
7.311000	-6.644369e-09
7.312000	-5.678137e-09
7.313000	-5.35606e-09
7.314000	-4.067752e-09
7.315000	-3.745675e-09
7.316000	-1.491135e-09
7.317000	1.729636e-09
