***End_of_Header***
Time	Voltage
69.324000	-3.423598e-09
69.325000	-2.779444e-09
69.326000	-2.135289e-09
69.327000	-4.067752e-09
69.328000	-5.033983e-09
69.329000	-6.966446e-09
69.330000	-5.35606e-09
69.331000	-2.135289e-09
69.332000	-5.033983e-09
69.333000	-3.745675e-09
69.334000	-3.101521e-09
69.335000	-3.745675e-09
69.336000	-4.067752e-09
69.337000	-1.813212e-09
69.338000	-6.322292e-09
69.339000	-5.35606e-09
69.340000	-1.813212e-09
69.341000	-1.813212e-09
69.342000	-1.491135e-09
69.343000	-2.779444e-09
69.344000	-3.101521e-09
69.345000	-2.779444e-09
69.346000	-6.322292e-09
69.347000	-4.711906e-09
69.348000	-4.067752e-09
69.349000	-1.813212e-09
69.350000	-1.813212e-09
69.351000	-3.101521e-09
69.352000	-8.576831e-09
69.353000	-6.644369e-09
69.354000	-4.389829e-09
69.355000	-4.711906e-09
69.356000	-3.745675e-09
69.357000	-4.389829e-09
69.358000	-2.457366e-09
69.359000	-1.813212e-09
69.360000	-6.644369e-09
69.361000	-5.678137e-09
69.362000	-4.389829e-09
69.363000	-1.813212e-09
69.364000	-2.457366e-09
69.365000	-2.779444e-09
69.366000	-1.169058e-09
69.367000	-8.469809e-10
69.368000	1.085482e-09
69.369000	-2.135289e-09
69.370000	-4.389829e-09
69.371000	-2.457366e-09
69.372000	-4.067752e-09
69.373000	-2.028267e-10
69.374000	3.879001e-07
69.375000	2.928873e-07
69.376000	2.24607e-07
69.377000	1.840253e-07
69.378000	1.643786e-07
69.379000	1.589033e-07
69.380000	1.492409e-07
69.381000	1.382903e-07
69.382000	1.141345e-07
69.383000	1.093034e-07
69.384000	1.054385e-07
69.385000	8.965669e-08
69.386000	8.289307e-08
69.387000	7.741776e-08
69.388000	7.419698e-08
69.389000	6.872167e-08
69.390000	8.289307e-08
69.391000	9.964108e-08
69.392000	1.057605e-07
69.393000	1.041502e-07
69.394000	1.044722e-07
69.395000	1.057605e-07
69.396000	1.044722e-07
69.397000	9.867484e-08
69.398000	9.416576e-08
69.399000	9.255538e-08
69.400000	9.384369e-08
69.401000	8.933461e-08
69.402000	8.546968e-08
69.403000	8.418137e-08
69.404000	8.09606e-08
69.405000	8.031645e-08
69.406000	7.419698e-08
69.407000	7.451906e-08
69.408000	7.065414e-08
69.409000	6.356844e-08
69.410000	5.680482e-08
69.411000	4.875289e-08
69.412000	4.231135e-08
69.413000	4.359966e-08
69.414000	4.198927e-08
69.415000	3.812435e-08
69.416000	3.490358e-08
69.417000	4.005681e-08
69.418000	3.844643e-08
69.419000	3.844643e-08
69.420000	3.297111e-08
69.421000	2.395296e-08
69.422000	2.073218e-08
69.423000	1.815557e-08
69.424000	1.622311e-08
69.425000	1.139195e-08
69.426000	1.396857e-08
69.427000	1.364649e-08
69.428000	1.235818e-08
69.429000	1.461272e-08
69.430000	1.332441e-08
69.431000	1.364649e-08
69.432000	1.139195e-08
69.433000	9.137409e-09
69.434000	5.272484e-09
69.435000	6.88287e-09
69.436000	5.272484e-09
69.437000	6.88287e-09
69.438000	1.010364e-08
69.439000	1.396857e-08
69.440000	1.525687e-08
69.441000	1.396857e-08
69.442000	1.332441e-08
69.443000	1.49348e-08
69.444000	1.461272e-08
69.445000	9.459486e-09
69.446000	8.171178e-09
69.447000	9.781563e-09
69.448000	1.139195e-08
69.449000	8.815332e-09
69.450000	9.137409e-09
69.451000	6.238715e-09
69.452000	7.634046e-10
69.453000	5.594561e-09
69.454000	3.984176e-09
69.455000	5.916638e-09
69.456000	4.62833e-09
69.457000	2.695867e-09
69.458000	-3.101521e-09
69.459000	-2.135289e-09
69.460000	-6.000215e-09
69.461000	-7.288523e-09
69.462000	-7.6106e-09
69.463000	-6.000215e-09
69.464000	-4.389829e-09
69.465000	-6.000215e-09
69.466000	-7.6106e-09
69.467000	-6.644369e-09
69.468000	-6.000215e-09
69.469000	-6.322292e-09
69.470000	-6.966446e-09
69.471000	-6.644369e-09
69.472000	-4.389829e-09
69.473000	-4.067752e-09
69.474000	-4.711906e-09
69.475000	-6.000215e-09
69.476000	-4.711906e-09
69.477000	-4.711906e-09
69.478000	-4.389829e-09
69.479000	-6.000215e-09
69.480000	-4.067752e-09
69.481000	-2.135289e-09
69.482000	4.413275e-10
69.483000	-1.491135e-09
69.484000	-3.423598e-09
69.485000	-6.000215e-09
69.486000	-4.711906e-09
69.487000	-3.745675e-09
69.488000	-1.813212e-09
69.489000	-2.028267e-10
69.490000	-1.169058e-09
69.491000	-2.457366e-09
69.492000	-2.135289e-09
69.493000	-1.813212e-09
69.494000	-5.033983e-09
69.495000	-3.423598e-09
69.496000	-2.779444e-09
69.497000	-1.169058e-09
69.498000	-8.469809e-10
69.499000	-2.457366e-09
69.500000	-4.389829e-09
69.501000	-3.745675e-09
69.502000	-2.779444e-09
69.503000	-1.813212e-09
69.504000	-1.813212e-09
69.505000	-4.067752e-09
69.506000	-1.813212e-09
69.507000	-8.469809e-10
69.508000	-5.249038e-10
69.509000	-2.457366e-09
69.510000	-4.067752e-09
69.511000	-7.288523e-09
69.512000	-3.423598e-09
69.513000	-5.249038e-10
69.514000	-3.745675e-09
69.515000	-5.249038e-10
69.516000	-3.423598e-09
69.517000	-5.033983e-09
69.518000	-5.678137e-09
69.519000	-5.033983e-09
69.520000	-4.389829e-09
69.521000	-4.389829e-09
69.522000	-4.389829e-09
69.523000	-3.101521e-09
69.524000	-3.101521e-09
69.525000	-4.711906e-09
69.526000	-4.389829e-09
69.527000	-9.86514e-09
69.528000	-4.389829e-09
69.529000	-2.135289e-09
69.530000	-5.249038e-10
69.531000	-2.135289e-09
69.532000	-2.457366e-09
69.533000	-1.813212e-09
69.534000	-3.745675e-09
69.535000	-2.028267e-10
69.536000	-3.101521e-09
69.537000	-3.101521e-09
69.538000	-5.249038e-10
69.539000	-8.469809e-10
69.540000	-5.249038e-10
69.541000	-5.249038e-10
69.542000	1.192504e-10
69.543000	-2.457366e-09
69.544000	-4.067752e-09
69.545000	-4.389829e-09
69.546000	-4.067752e-09
69.547000	-1.491135e-09
69.548000	-2.028267e-10
69.549000	-3.745675e-09
69.550000	-6.966446e-09
69.551000	-3.745675e-09
69.552000	-5.033983e-09
69.553000	-3.745675e-09
69.554000	-6.966446e-09
69.555000	-3.745675e-09
69.556000	-2.457366e-09
69.557000	-3.101521e-09
69.558000	-3.745675e-09
69.559000	-5.678137e-09
69.560000	-9.220986e-09
69.561000	-6.000215e-09
69.562000	-4.067752e-09
69.563000	-4.389829e-09
69.564000	-3.101521e-09
69.565000	-4.389829e-09
69.566000	-3.423598e-09
69.567000	-4.067752e-09
69.568000	-6.000215e-09
69.569000	-4.389829e-09
69.570000	-4.389829e-09
69.571000	-4.067752e-09
69.572000	-1.813212e-09
69.573000	-2.135289e-09
69.574000	-5.35606e-09
69.575000	-3.101521e-09
69.576000	-4.067752e-09
69.577000	-4.389829e-09
69.578000	-2.135289e-09
69.579000	-2.028267e-10
69.580000	-1.491135e-09
69.581000	-2.028267e-10
69.582000	-1.813212e-09
69.583000	-8.469809e-10
69.584000	-1.169058e-09
69.585000	-4.067752e-09
69.586000	-5.033983e-09
69.587000	-1.169058e-09
69.588000	-2.457366e-09
69.589000	-2.028267e-10
69.590000	-3.745675e-09
69.591000	-5.35606e-09
69.592000	-4.711906e-09
69.593000	-4.067752e-09
69.594000	-3.101521e-09
69.595000	-2.457366e-09
69.596000	-1.169058e-09
69.597000	-3.423598e-09
69.598000	-4.067752e-09
69.599000	-6.322292e-09
69.600000	-4.389829e-09
69.601000	-6.322292e-09
69.602000	-2.779444e-09
69.603000	-2.779444e-09
69.604000	-1.491135e-09
69.605000	-4.711906e-09
69.606000	-4.389829e-09
69.607000	-2.135289e-09
69.608000	-4.711906e-09
69.609000	-5.35606e-09
69.610000	-4.067752e-09
69.611000	-2.457366e-09
69.612000	-3.745675e-09
69.613000	-4.067752e-09
69.614000	-4.711906e-09
69.615000	-2.779444e-09
69.616000	-5.678137e-09
69.617000	-5.033983e-09
69.618000	-5.033983e-09
69.619000	-1.169058e-09
69.620000	4.413275e-10
69.621000	-8.469809e-10
69.622000	-2.779444e-09
69.623000	-6.644369e-09
69.624000	-1.491135e-09
69.625000	-3.423598e-09
69.626000	-5.678137e-09
69.627000	-6.322292e-09
69.628000	-2.457366e-09
69.629000	-8.469809e-10
69.630000	-1.813212e-09
69.631000	-1.813212e-09
69.632000	-5.678137e-09
69.633000	-3.745675e-09
69.634000	-2.779444e-09
69.635000	-2.135289e-09
69.636000	-2.457366e-09
69.637000	-3.423598e-09
69.638000	-2.779444e-09
69.639000	-4.067752e-09
69.640000	-6.644369e-09
69.641000	-6.000215e-09
69.642000	-4.711906e-09
69.643000	-3.101521e-09
69.644000	-4.067752e-09
69.645000	-6.322292e-09
69.646000	-2.779444e-09
69.647000	-2.135289e-09
69.648000	-7.288523e-09
69.649000	-5.35606e-09
69.650000	-5.678137e-09
69.651000	-3.423598e-09
69.652000	-1.813212e-09
69.653000	-3.745675e-09
69.654000	-6.644369e-09
69.655000	-3.745675e-09
69.656000	-3.745675e-09
69.657000	-5.35606e-09
69.658000	-3.745675e-09
69.659000	-4.067752e-09
69.660000	-2.779444e-09
69.661000	-2.028267e-10
69.662000	-2.135289e-09
69.663000	-4.389829e-09
69.664000	-1.491135e-09
69.665000	-3.745675e-09
69.666000	-4.711906e-09
69.667000	-3.745675e-09
69.668000	-3.101521e-09
69.669000	-8.469809e-10
69.670000	-2.028267e-10
69.671000	-2.135289e-09
69.672000	-3.745675e-09
69.673000	-3.745675e-09
69.674000	-4.711906e-09
69.675000	-8.469809e-10
69.676000	-2.457366e-09
69.677000	-1.813212e-09
69.678000	-2.779444e-09
69.679000	-4.067752e-09
69.680000	-2.779444e-09
69.681000	-3.745675e-09
69.682000	-7.932677e-09
69.683000	-3.101521e-09
69.684000	-1.491135e-09
69.685000	-3.423598e-09
69.686000	-5.033983e-09
69.687000	-5.35606e-09
69.688000	-2.779444e-09
69.689000	1.192504e-10
69.690000	-5.249038e-10
69.691000	-1.491135e-09
69.692000	-1.169058e-09
69.693000	-1.491135e-09
69.694000	-4.067752e-09
69.695000	-3.745675e-09
69.696000	-3.745675e-09
69.697000	1.192504e-10
69.698000	-3.423598e-09
69.699000	-5.35606e-09
69.700000	-7.6106e-09
69.701000	-6.322292e-09
69.702000	-4.067752e-09
69.703000	-5.033983e-09
69.704000	-2.779444e-09
69.705000	-4.389829e-09
69.706000	-1.491135e-09
69.707000	-2.135289e-09
69.708000	-6.644369e-09
69.709000	-5.678137e-09
69.710000	-5.678137e-09
69.711000	-4.067752e-09
69.712000	-3.101521e-09
69.713000	-4.067752e-09
69.714000	-7.288523e-09
69.715000	-2.135289e-09
69.716000	-4.067752e-09
69.717000	-5.033983e-09
69.718000	-5.678137e-09
69.719000	-4.389829e-09
69.720000	-1.813212e-09
69.721000	-1.491135e-09
69.722000	-8.469809e-10
69.723000	-4.711906e-09
