***End_of_Header***
Time	Voltage
4.212000	-7.288523e-09
4.213000	-2.457366e-09
4.214000	-3.423598e-09
4.215000	-4.067752e-09
4.216000	-2.457366e-09
4.217000	-1.813212e-09
4.218000	1.407559e-09
4.219000	-2.457366e-09
4.220000	-5.35606e-09
4.221000	-5.033983e-09
4.222000	-5.35606e-09
4.223000	-6.966446e-09
4.224000	-7.6106e-09
4.225000	-6.000215e-09
4.226000	-3.423598e-09
4.227000	-3.745675e-09
4.228000	-5.678137e-09
4.229000	-6.322292e-09
4.230000	-6.322292e-09
4.231000	-8.254754e-09
4.232000	-6.000215e-09
4.233000	-5.033983e-09
4.234000	-1.169058e-09
4.235000	-1.491135e-09
4.236000	-4.711906e-09
4.237000	-3.101521e-09
4.238000	-3.423598e-09
4.239000	-3.101521e-09
4.240000	-4.067752e-09
4.241000	-3.101521e-09
4.242000	-2.028267e-10
4.243000	4.413275e-10
4.244000	-2.457366e-09
4.245000	-2.457366e-09
4.246000	-4.067752e-09
4.247000	-3.745675e-09
4.248000	-2.457366e-09
4.249000	-4.067752e-09
4.250000	-2.135289e-09
4.251000	7.634046e-10
4.252000	-1.169058e-09
4.253000	-2.135289e-09
4.254000	-1.169058e-09
4.255000	-8.469809e-10
4.256000	-3.101521e-09
4.257000	-1.813212e-09
4.258000	1.192504e-10
4.259000	2.37379e-09
4.260000	-5.249038e-10
4.261000	1.729636e-09
4.262000	5.100743e-08
4.263000	4.33635e-07
4.264000	2.99651e-07
4.265000	2.342693e-07
4.266000	2.046382e-07
4.267000	1.779058e-07
4.268000	1.650227e-07
4.269000	1.524617e-07
4.270000	1.312046e-07
4.271000	1.205761e-07
4.272000	1.07693e-07
4.273000	8.482553e-08
4.274000	7.451906e-08
4.275000	6.517883e-08
4.276000	6.775544e-08
4.277000	6.453467e-08
4.278000	6.228013e-08
4.279000	5.905936e-08
4.280000	6.195805e-08
4.281000	1.489189e-07
4.282000	1.276618e-07
4.283000	1.163891e-07
4.284000	1.115579e-07
4.285000	1.070488e-07
4.286000	1.044722e-07
4.287000	1.03506e-07
4.288000	1.018956e-07
4.289000	9.9319e-08
4.290000	9.22333e-08
4.291000	8.353722e-08
4.292000	8.063853e-08
4.293000	8.482553e-08
4.294000	8.482553e-08
4.295000	8.450345e-08
4.296000	7.999437e-08
4.297000	7.741776e-08
4.298000	7.516322e-08
4.299000	7.935022e-08
4.300000	6.002559e-08
4.301000	5.00412e-08
4.302000	4.263343e-08
4.303000	3.554773e-08
4.304000	1.91218e-08
4.305000	8.815332e-09
4.306000	6.88287e-09
4.307000	6.238715e-09
4.308000	8.493255e-09
4.309000	7.849101e-09
4.310000	7.849101e-09
4.311000	6.560792e-09
4.312000	5.916638e-09
4.313000	2.695867e-09
4.314000	2.37379e-09
4.315000	-1.813212e-09
4.316000	4.62833e-09
4.317000	7.849101e-09
4.318000	1.268026e-08
4.319000	1.557895e-08
4.320000	6.904375e-08
4.321000	3.200488e-08
4.322000	1.686726e-08
4.323000	6.238715e-09
4.324000	3.662099e-09
4.325000	5.594561e-09
4.326000	7.849101e-09
4.327000	1.074779e-08
4.328000	9.137409e-09
4.329000	1.042572e-08
4.330000	9.459486e-09
4.331000	8.493255e-09
4.332000	6.88287e-09
4.333000	7.527024e-09
4.334000	1.042572e-08
4.335000	1.042572e-08
4.336000	1.074779e-08
4.337000	9.459486e-09
4.338000	7.527024e-09
4.339000	6.88287e-09
4.340000	8.493255e-09
4.341000	1.171403e-08
4.342000	9.781563e-09
4.343000	1.010364e-08
4.344000	1.042572e-08
4.345000	1.010364e-08
4.346000	8.493255e-09
4.347000	5.916638e-09
4.348000	4.62833e-09
4.349000	4.62833e-09
4.350000	-8.469809e-10
4.351000	1.192504e-10
4.352000	-2.457366e-09
4.353000	-4.389829e-09
4.354000	-2.135289e-09
4.355000	-1.169058e-09
4.356000	-6.322292e-09
4.357000	-5.678137e-09
4.358000	-3.745675e-09
4.359000	-3.745675e-09
4.360000	-3.423598e-09
4.361000	-5.033983e-09
4.362000	-5.35606e-09
4.363000	-4.389829e-09
4.364000	-6.000215e-09
4.365000	-6.966446e-09
4.366000	-5.35606e-09
4.367000	-2.135289e-09
4.368000	-2.779444e-09
4.369000	-5.033983e-09
4.370000	-5.033983e-09
4.371000	-5.033983e-09
4.372000	-7.6106e-09
4.373000	-5.678137e-09
4.374000	-5.35606e-09
4.375000	-2.457366e-09
4.376000	-2.135289e-09
4.377000	-8.469809e-10
4.378000	-4.067752e-09
4.379000	-4.389829e-09
4.380000	-3.423598e-09
4.381000	-3.745675e-09
4.382000	-1.813212e-09
4.383000	-2.135289e-09
4.384000	-1.813212e-09
4.385000	-5.249038e-10
4.386000	-4.067752e-09
4.387000	-4.389829e-09
4.388000	-3.745675e-09
4.389000	-3.101521e-09
4.390000	-3.745675e-09
4.391000	-8.469809e-10
4.392000	4.413275e-10
4.393000	-2.028267e-10
4.394000	-1.491135e-09
4.395000	-2.457366e-09
4.396000	-6.000215e-09
4.397000	-2.135289e-09
4.398000	-2.135289e-09
4.399000	-2.135289e-09
4.400000	-2.028267e-10
4.401000	-1.813212e-09
4.402000	-4.389829e-09
4.403000	-5.033983e-09
4.404000	-9.220986e-09
4.405000	-4.711906e-09
4.406000	-4.067752e-09
4.407000	-4.067752e-09
4.408000	-3.745675e-09
4.409000	-1.491135e-09
4.410000	-2.457366e-09
4.411000	-5.033983e-09
4.412000	-5.678137e-09
4.413000	-4.389829e-09
4.414000	-3.101521e-09
4.415000	-3.101521e-09
4.416000	-3.423598e-09
4.417000	-4.389829e-09
4.418000	-8.469809e-10
4.419000	-4.067752e-09
4.420000	-2.457366e-09
4.421000	-4.067752e-09
4.422000	-2.457366e-09
4.423000	-2.779444e-09
4.424000	-3.745675e-09
4.425000	-2.135289e-09
4.426000	-5.249038e-10
4.427000	-1.813212e-09
4.428000	-5.35606e-09
4.429000	-4.067752e-09
4.430000	-5.35606e-09
4.431000	-5.35606e-09
4.432000	-5.35606e-09
4.433000	-2.779444e-09
4.434000	-2.028267e-10
4.435000	-2.457366e-09
4.436000	-4.067752e-09
4.437000	-5.35606e-09
4.438000	-4.389829e-09
4.439000	-3.101521e-09
4.440000	-2.135289e-09
4.441000	-2.457366e-09
4.442000	-1.813212e-09
4.443000	-1.813212e-09
4.444000	-1.813212e-09
4.445000	-3.423598e-09
4.446000	-5.35606e-09
4.447000	-2.779444e-09
4.448000	-2.779444e-09
4.449000	-2.457366e-09
4.450000	-2.779444e-09
4.451000	-3.101521e-09
4.452000	-1.491135e-09
4.453000	-2.457366e-09
4.454000	-1.813212e-09
4.455000	-3.745675e-09
4.456000	-3.101521e-09
4.457000	-1.813212e-09
4.458000	-1.169058e-09
4.459000	-2.457366e-09
4.460000	-2.457366e-09
4.461000	-3.745675e-09
4.462000	-3.745675e-09
4.463000	-4.711906e-09
4.464000	-6.644369e-09
4.465000	-5.033983e-09
4.466000	-4.389829e-09
4.467000	-3.423598e-09
4.468000	-5.033983e-09
4.469000	-3.101521e-09
4.470000	-5.35606e-09
4.471000	-6.000215e-09
4.472000	-5.678137e-09
4.473000	-4.711906e-09
4.474000	-3.101521e-09
4.475000	-4.067752e-09
4.476000	-2.779444e-09
4.477000	-4.389829e-09
4.478000	-3.423598e-09
4.479000	-5.033983e-09
4.480000	-4.067752e-09
4.481000	-2.135289e-09
4.482000	1.192504e-10
4.483000	-5.249038e-10
4.484000	-5.678137e-09
4.485000	-3.101521e-09
4.486000	-3.101521e-09
4.487000	-1.813212e-09
4.488000	-4.389829e-09
4.489000	-6.322292e-09
4.490000	-5.249038e-10
4.491000	4.413275e-10
4.492000	-8.469809e-10
4.493000	-1.491135e-09
4.494000	-1.813212e-09
4.495000	-1.491135e-09
4.496000	1.192504e-10
4.497000	-5.033983e-09
4.498000	-3.745675e-09
4.499000	-1.813212e-09
4.500000	-1.169058e-09
4.501000	-1.813212e-09
4.502000	-4.067752e-09
4.503000	-5.678137e-09
4.504000	-7.288523e-09
4.505000	-4.389829e-09
4.506000	-3.745675e-09
4.507000	-1.491135e-09
4.508000	-3.423598e-09
4.509000	-4.389829e-09
4.510000	-5.249038e-10
4.511000	-4.711906e-09
4.512000	-6.000215e-09
4.513000	-6.322292e-09
4.514000	-5.35606e-09
4.515000	-4.389829e-09
4.516000	-3.101521e-09
4.517000	-5.35606e-09
4.518000	-3.423598e-09
4.519000	-1.491135e-09
4.520000	-4.067752e-09
4.521000	-5.033983e-09
4.522000	-5.033983e-09
4.523000	-5.033983e-09
4.524000	-3.423598e-09
4.525000	-4.067752e-09
4.526000	-2.779444e-09
4.527000	-5.033983e-09
4.528000	-6.000215e-09
4.529000	-3.423598e-09
4.530000	-3.745675e-09
4.531000	-2.457366e-09
4.532000	-3.101521e-09
4.533000	-1.813212e-09
4.534000	-8.469809e-10
4.535000	-2.028267e-10
4.536000	-2.135289e-09
4.537000	-5.35606e-09
4.538000	-4.389829e-09
4.539000	-1.813212e-09
4.540000	-8.469809e-10
4.541000	-1.813212e-09
4.542000	-2.457366e-09
4.543000	-2.135289e-09
4.544000	-2.779444e-09
4.545000	-1.813212e-09
4.546000	-5.678137e-09
4.547000	-2.457366e-09
4.548000	-3.101521e-09
4.549000	-1.491135e-09
4.550000	-1.813212e-09
4.551000	-4.067752e-09
4.552000	-2.779444e-09
4.553000	-2.028267e-10
4.554000	-1.491135e-09
4.555000	-3.745675e-09
4.556000	-2.457366e-09
4.557000	-3.101521e-09
4.558000	-1.813212e-09
4.559000	-6.644369e-09
4.560000	-3.423598e-09
4.561000	-5.033983e-09
4.562000	-5.033983e-09
4.563000	-5.678137e-09
4.564000	-6.000215e-09
4.565000	-8.254754e-09
4.566000	-2.779444e-09
4.567000	7.634046e-10
4.568000	-2.779444e-09
4.569000	-5.35606e-09
4.570000	-5.35606e-09
4.571000	-5.678137e-09
4.572000	-4.711906e-09
4.573000	-5.35606e-09
4.574000	-3.423598e-09
4.575000	-2.779444e-09
4.576000	-1.491135e-09
4.577000	-6.000215e-09
4.578000	-4.711906e-09
4.579000	-3.423598e-09
4.580000	-5.033983e-09
4.581000	-2.457366e-09
4.582000	-2.779444e-09
4.583000	1.192504e-10
4.584000	-5.249038e-10
4.585000	-3.423598e-09
4.586000	-3.423598e-09
4.587000	-2.135289e-09
4.588000	-2.779444e-09
4.589000	-4.067752e-09
4.590000	-1.813212e-09
4.591000	7.634046e-10
4.592000	-5.249038e-10
4.593000	-8.469809e-10
4.594000	-3.101521e-09
4.595000	-2.457366e-09
4.596000	-1.491135e-09
4.597000	-5.033983e-09
4.598000	-3.101521e-09
4.599000	-2.457366e-09
4.600000	-2.028267e-10
4.601000	-1.813212e-09
4.602000	-3.745675e-09
4.603000	-7.932677e-09
4.604000	-6.000215e-09
4.605000	-2.457366e-09
4.606000	-2.457366e-09
4.607000	-2.779444e-09
4.608000	-4.711906e-09
4.609000	-1.169058e-09
4.610000	-3.423598e-09
4.611000	-5.033983e-09
