***End_of_Header***
Time	Voltage
24.002000	-6.644369e-09
24.003000	-1.491135e-09
24.004000	-3.423598e-09
24.005000	-2.028267e-10
24.006000	2.051713e-09
24.007000	1.085482e-09
24.008000	-1.813212e-09
24.009000	-1.491135e-09
24.010000	-1.169058e-09
24.011000	-1.813212e-09
24.012000	-3.101521e-09
24.013000	1.192504e-10
24.014000	-1.491135e-09
24.015000	-1.813212e-09
24.016000	-2.135289e-09
24.017000	-2.779444e-09
24.018000	-6.322292e-09
24.019000	-5.35606e-09
24.020000	-5.033983e-09
24.021000	-6.322292e-09
24.022000	-4.067752e-09
24.023000	-3.745675e-09
24.024000	-1.491135e-09
24.025000	-7.932677e-09
24.026000	-5.35606e-09
24.027000	-5.35606e-09
24.028000	-6.966446e-09
24.029000	-7.6106e-09
24.030000	-4.389829e-09
24.031000	-4.067752e-09
24.032000	7.634046e-10
24.033000	-3.745675e-09
24.034000	-5.35606e-09
24.035000	-4.389829e-09
24.036000	-5.35606e-09
24.037000	-5.033983e-09
24.038000	-3.101521e-09
24.039000	-1.491135e-09
24.040000	-2.028267e-10
24.041000	-1.813212e-09
24.042000	-3.423598e-09
24.043000	-4.067752e-09
24.044000	-2.457366e-09
24.045000	-1.813212e-09
24.046000	-3.745675e-09
24.047000	7.634046e-10
24.048000	1.192504e-10
24.049000	2.695867e-09
24.050000	4.413275e-10
24.051000	1.407559e-09
24.052000	2.004512e-07
24.053000	3.579469e-07
24.054000	2.432875e-07
24.055000	1.888564e-07
24.056000	1.695318e-07
24.057000	1.717863e-07
24.058000	1.669552e-07
24.059000	1.447319e-07
24.060000	1.196099e-07
24.061000	9.9319e-08
24.062000	9.319953e-08
24.063000	8.353722e-08
24.064000	8.063853e-08
24.065000	7.806191e-08
24.066000	7.323075e-08
24.067000	6.936583e-08
24.068000	6.55009e-08
24.069000	8.418137e-08
24.070000	1.109138e-07
24.071000	1.125242e-07
24.072000	1.131683e-07
24.073000	1.199319e-07
24.074000	1.179995e-07
24.075000	1.151008e-07
24.076000	1.115579e-07
24.077000	1.122021e-07
24.078000	1.083372e-07
24.079000	1.07693e-07
24.080000	1.022177e-07
24.081000	9.287746e-08
24.082000	8.192683e-08
24.083000	7.612945e-08
24.084000	6.904375e-08
24.085000	6.904375e-08
24.086000	6.453467e-08
24.087000	6.195805e-08
24.088000	5.873728e-08
24.089000	5.358405e-08
24.090000	5.165159e-08
24.091000	4.58542e-08
24.092000	4.005681e-08
24.093000	4.070097e-08
24.094000	3.586981e-08
24.095000	3.425942e-08
24.096000	3.586981e-08
24.097000	3.45815e-08
24.098000	2.878411e-08
24.099000	2.266465e-08
24.100000	2.169842e-08
24.101000	2.105426e-08
24.102000	1.879972e-08
24.103000	1.171403e-08
24.104000	1.042572e-08
24.105000	8.815332e-09
24.106000	2.695867e-09
24.107000	-5.678137e-09
24.108000	-8.469809e-10
24.109000	5.272484e-09
24.110000	5.594561e-09
24.111000	6.560792e-09
24.112000	5.272484e-09
24.113000	6.560792e-09
24.114000	4.62833e-09
24.115000	6.560792e-09
24.116000	3.984176e-09
24.117000	9.781563e-09
24.118000	1.171403e-08
24.119000	1.429064e-08
24.120000	1.139195e-08
24.121000	1.074779e-08
24.122000	9.781563e-09
24.123000	9.459486e-09
24.124000	9.137409e-09
24.125000	9.781563e-09
24.126000	7.204947e-09
24.127000	7.527024e-09
24.128000	6.560792e-09
24.129000	8.171178e-09
24.130000	9.459486e-09
24.131000	7.527024e-09
24.132000	2.298672e-08
24.133000	1.590103e-08
24.134000	7.527024e-09
24.135000	4.62833e-09
24.136000	3.340021e-09
24.137000	4.62833e-09
24.138000	5.916638e-09
24.139000	3.017944e-09
24.140000	3.017944e-09
24.141000	3.017944e-09
24.142000	-5.033983e-09
24.143000	-4.711906e-09
24.144000	-5.35606e-09
24.145000	-5.678137e-09
24.146000	-6.966446e-09
24.147000	-2.457366e-09
24.148000	-2.457366e-09
24.149000	-1.491135e-09
24.150000	-1.491135e-09
24.151000	-2.457366e-09
24.152000	-5.678137e-09
24.153000	-2.457366e-09
24.154000	-4.711906e-09
24.155000	-3.745675e-09
24.156000	-3.745675e-09
24.157000	-1.169058e-09
24.158000	-2.135289e-09
24.159000	-3.423598e-09
24.160000	-6.000215e-09
24.161000	-4.711906e-09
24.162000	-5.678137e-09
24.163000	-5.35606e-09
24.164000	-2.779444e-09
24.165000	-2.457366e-09
24.166000	-3.745675e-09
24.167000	-4.711906e-09
24.168000	-6.000215e-09
24.169000	-5.678137e-09
24.170000	-5.033983e-09
24.171000	-2.135289e-09
24.172000	1.192504e-10
24.173000	-2.779444e-09
24.174000	-3.745675e-09
24.175000	-4.067752e-09
24.176000	-4.711906e-09
24.177000	-5.033983e-09
24.178000	-5.033983e-09
24.179000	-6.322292e-09
24.180000	-3.423598e-09
24.181000	-2.457366e-09
24.182000	-3.745675e-09
24.183000	-4.389829e-09
24.184000	-1.813212e-09
24.185000	-4.711906e-09
24.186000	-5.033983e-09
24.187000	-1.813212e-09
24.188000	-5.249038e-10
24.189000	-2.135289e-09
24.190000	1.192504e-10
24.191000	2.695867e-09
24.192000	-1.813212e-09
24.193000	-3.423598e-09
24.194000	-3.423598e-09
24.195000	-3.101521e-09
24.196000	-1.491135e-09
24.197000	-3.101521e-09
24.198000	-1.491135e-09
24.199000	1.192504e-10
24.200000	-1.813212e-09
24.201000	-2.457366e-09
24.202000	-1.491135e-09
24.203000	-3.745675e-09
24.204000	-1.169058e-09
24.205000	-1.491135e-09
24.206000	-2.028267e-10
24.207000	-2.028267e-10
24.208000	-2.779444e-09
24.209000	-4.067752e-09
24.210000	-4.389829e-09
24.211000	-3.423598e-09
24.212000	-5.249038e-10
24.213000	-2.135289e-09
24.214000	-5.033983e-09
24.215000	-5.249038e-10
24.216000	-6.322292e-09
24.217000	-5.678137e-09
24.218000	-5.678137e-09
24.219000	-4.711906e-09
24.220000	-6.644369e-09
24.221000	-9.220986e-09
24.222000	-6.966446e-09
24.223000	-6.322292e-09
24.224000	-4.067752e-09
24.225000	-5.35606e-09
24.226000	-7.288523e-09
24.227000	-6.322292e-09
24.228000	-5.678137e-09
24.229000	-6.966446e-09
24.230000	-4.389829e-09
24.231000	-3.745675e-09
24.232000	-3.423598e-09
24.233000	-4.389829e-09
24.234000	-4.389829e-09
24.235000	-6.644369e-09
24.236000	-5.678137e-09
24.237000	-5.678137e-09
24.238000	-3.745675e-09
24.239000	-3.423598e-09
24.240000	-1.813212e-09
24.241000	-4.389829e-09
24.242000	-5.033983e-09
24.243000	-3.423598e-09
24.244000	-2.779444e-09
24.245000	-2.779444e-09
24.246000	-3.745675e-09
24.247000	-5.249038e-10
24.248000	1.192504e-10
24.249000	-2.135289e-09
24.250000	-5.249038e-10
24.251000	-5.249038e-10
24.252000	-8.469809e-10
24.253000	-3.423598e-09
24.254000	-2.457366e-09
24.255000	-2.135289e-09
24.256000	-2.028267e-10
24.257000	-1.813212e-09
24.258000	-2.457366e-09
24.259000	-2.135289e-09
24.260000	-5.033983e-09
24.261000	-5.033983e-09
24.262000	-4.389829e-09
24.263000	-3.101521e-09
24.264000	-4.067752e-09
24.265000	-2.779444e-09
24.266000	-3.745675e-09
24.267000	-4.067752e-09
24.268000	-4.067752e-09
24.269000	-7.288523e-09
24.270000	-6.000215e-09
24.271000	-2.457366e-09
24.272000	-2.779444e-09
24.273000	-2.135289e-09
24.274000	-4.389829e-09
24.275000	-3.101521e-09
24.276000	-3.745675e-09
24.277000	-7.6106e-09
24.278000	-5.678137e-09
24.279000	-2.779444e-09
24.280000	-2.135289e-09
24.281000	-2.457366e-09
24.282000	-4.711906e-09
24.283000	-4.067752e-09
24.284000	-3.101521e-09
24.285000	-4.067752e-09
24.286000	-6.000215e-09
24.287000	-3.101521e-09
24.288000	-8.469809e-10
24.289000	-3.423598e-09
24.290000	-2.028267e-10
24.291000	-1.169058e-09
24.292000	-1.813212e-09
24.293000	1.192504e-10
24.294000	-2.779444e-09
24.295000	-6.322292e-09
24.296000	-5.249038e-10
24.297000	4.413275e-10
24.298000	-1.491135e-09
24.299000	-4.711906e-09
24.300000	-4.711906e-09
24.301000	-4.067752e-09
24.302000	-2.135289e-09
24.303000	-4.067752e-09
24.304000	-4.067752e-09
24.305000	-2.135289e-09
24.306000	-1.813212e-09
24.307000	-3.101521e-09
24.308000	-6.000215e-09
24.309000	-5.678137e-09
24.310000	-4.389829e-09
24.311000	-3.745675e-09
24.312000	-3.101521e-09
24.313000	-2.779444e-09
24.314000	-3.745675e-09
24.315000	-3.101521e-09
24.316000	-3.423598e-09
24.317000	-4.711906e-09
24.318000	-5.35606e-09
24.319000	-4.067752e-09
24.320000	-4.067752e-09
24.321000	-4.711906e-09
24.322000	-3.423598e-09
24.323000	-6.000215e-09
24.324000	-2.779444e-09
24.325000	-4.389829e-09
24.326000	-6.966446e-09
24.327000	-5.033983e-09
24.328000	-4.389829e-09
24.329000	-1.169058e-09
24.330000	-5.249038e-10
24.331000	-2.457366e-09
24.332000	-1.491135e-09
24.333000	-8.469809e-10
24.334000	-4.711906e-09
24.335000	-4.711906e-09
24.336000	-2.779444e-09
24.337000	1.085482e-09
24.338000	-1.169058e-09
24.339000	-4.389829e-09
24.340000	-5.033983e-09
24.341000	-3.745675e-09
24.342000	-3.745675e-09
24.343000	-4.067752e-09
24.344000	-4.067752e-09
24.345000	-2.457366e-09
24.346000	-1.813212e-09
24.347000	-3.101521e-09
24.348000	-1.491135e-09
24.349000	-8.469809e-10
24.350000	-1.813212e-09
24.351000	-3.423598e-09
24.352000	-2.779444e-09
24.353000	-2.457366e-09
24.354000	-2.135289e-09
24.355000	-2.135289e-09
24.356000	-1.169058e-09
24.357000	-1.813212e-09
24.358000	-2.028267e-10
24.359000	-3.745675e-09
24.360000	-5.678137e-09
24.361000	-4.711906e-09
24.362000	-3.745675e-09
24.363000	-4.067752e-09
24.364000	-4.389829e-09
24.365000	-5.678137e-09
24.366000	-1.491135e-09
24.367000	-4.067752e-09
24.368000	-6.644369e-09
24.369000	-5.678137e-09
24.370000	-4.389829e-09
24.371000	-4.711906e-09
24.372000	-2.779444e-09
24.373000	-2.135289e-09
24.374000	-1.169058e-09
24.375000	-2.457366e-09
24.376000	-6.000215e-09
24.377000	-6.000215e-09
24.378000	-6.000215e-09
24.379000	-2.779444e-09
24.380000	-3.101521e-09
24.381000	-4.389829e-09
24.382000	-4.389829e-09
24.383000	-3.745675e-09
24.384000	-3.101521e-09
24.385000	-3.745675e-09
24.386000	-4.711906e-09
24.387000	-3.423598e-09
24.388000	-1.169058e-09
24.389000	-2.028267e-10
24.390000	7.634046e-10
24.391000	-5.249038e-10
24.392000	-1.169058e-09
24.393000	-8.469809e-10
24.394000	-2.457366e-09
24.395000	-4.067752e-09
24.396000	-3.423598e-09
24.397000	-5.249038e-10
24.398000	1.085482e-09
24.399000	-1.169058e-09
24.400000	-2.135289e-09
24.401000	-3.423598e-09
