***End_of_Header***
Time	Voltage
9.440000	-2.779444e-09
9.441000	-2.457366e-09
9.442000	-1.491135e-09
9.443000	-3.423598e-09
9.444000	-4.389829e-09
9.445000	-2.135289e-09
9.446000	-1.813212e-09
9.447000	-4.067752e-09
9.448000	-2.457366e-09
9.449000	-5.35606e-09
9.450000	-4.067752e-09
9.451000	-6.966446e-09
9.452000	-3.745675e-09
9.453000	-2.135289e-09
9.454000	-3.101521e-09
9.455000	-4.067752e-09
9.456000	-3.101521e-09
9.457000	-4.389829e-09
9.458000	-6.000215e-09
9.459000	-6.644369e-09
9.460000	-4.711906e-09
9.461000	-4.711906e-09
9.462000	-5.35606e-09
9.463000	-4.389829e-09
9.464000	-1.491135e-09
9.465000	-5.35606e-09
9.466000	-6.322292e-09
9.467000	-2.457366e-09
9.468000	-3.101521e-09
9.469000	-3.101521e-09
9.470000	-3.101521e-09
9.471000	-2.779444e-09
9.472000	-1.169058e-09
9.473000	-5.678137e-09
9.474000	-2.457366e-09
9.475000	-3.423598e-09
9.476000	-3.101521e-09
9.477000	-2.779444e-09
9.478000	-2.135289e-09
9.479000	4.413275e-10
9.480000	7.634046e-10
9.481000	-3.101521e-09
9.482000	-2.457366e-09
9.483000	-2.457366e-09
9.484000	-2.135289e-09
9.485000	-2.779444e-09
9.486000	-2.457366e-09
9.487000	-2.028267e-10
9.488000	-8.469809e-10
9.489000	1.407559e-09
9.490000	3.837131e-07
9.491000	2.938536e-07
9.492000	2.226745e-07
9.493000	1.91433e-07
9.494000	1.837032e-07
9.495000	1.614799e-07
9.496000	1.440877e-07
9.497000	1.373241e-07
9.498000	1.302384e-07
9.499000	1.205761e-07
9.500000	8.901253e-08
9.501000	7.612945e-08
9.502000	6.904375e-08
9.503000	5.00412e-08
9.504000	2.652957e-08
9.505000	6.034767e-08
9.506000	7.870606e-08
9.507000	8.869045e-08
9.508000	9.448784e-08
9.509000	1.018956e-07
9.510000	1.080151e-07
9.511000	1.102696e-07
9.512000	1.070488e-07
9.513000	1.051164e-07
9.514000	1.051164e-07
9.515000	1.03506e-07
9.516000	9.577615e-08
9.517000	9.030084e-08
9.518000	8.836838e-08
9.519000	8.192683e-08
9.520000	7.290868e-08
9.521000	6.96879e-08
9.522000	6.517883e-08
9.523000	6.646713e-08
9.524000	6.066975e-08
9.525000	5.744897e-08
9.526000	5.551651e-08
9.527000	5.036328e-08
9.528000	4.58542e-08
9.529000	4.327758e-08
9.530000	3.683604e-08
9.531000	1.783349e-08
9.532000	1.364649e-08
9.533000	1.139195e-08
9.534000	1.235818e-08
9.535000	1.364649e-08
9.536000	1.20361e-08
9.537000	1.429064e-08
9.538000	1.268026e-08
9.539000	1.429064e-08
9.540000	9.781563e-09
9.541000	1.557895e-08
9.542000	1.879972e-08
9.543000	1.91218e-08
9.544000	1.622311e-08
9.545000	1.815557e-08
9.546000	5.00412e-08
9.547000	3.490358e-08
9.548000	1.751141e-08
9.549000	1.49348e-08
9.550000	1.751141e-08
9.551000	1.49348e-08
9.552000	1.654518e-08
9.553000	1.718934e-08
9.554000	1.815557e-08
9.555000	1.654518e-08
9.556000	1.429064e-08
9.557000	1.557895e-08
9.558000	1.557895e-08
9.559000	1.557895e-08
9.560000	1.429064e-08
9.561000	1.461272e-08
9.562000	1.429064e-08
9.563000	1.139195e-08
9.564000	1.171403e-08
9.565000	1.139195e-08
9.566000	1.268026e-08
9.567000	1.139195e-08
9.568000	1.106987e-08
9.569000	1.074779e-08
9.570000	7.204947e-09
9.571000	6.88287e-09
9.572000	5.916638e-09
9.573000	4.950407e-09
9.574000	2.051713e-09
9.575000	1.192504e-10
9.576000	7.634046e-10
9.577000	-1.169058e-09
9.578000	-4.067752e-09
9.579000	-6.966446e-09
9.580000	-6.322292e-09
9.581000	-7.288523e-09
9.582000	-8.898909e-09
9.583000	-8.576831e-09
9.584000	-6.322292e-09
9.585000	-8.898909e-09
9.586000	-6.966446e-09
9.587000	-5.678137e-09
9.588000	-6.000215e-09
9.589000	-7.288523e-09
9.590000	-6.644369e-09
9.591000	-6.000215e-09
9.592000	-4.067752e-09
9.593000	-5.033983e-09
9.594000	-3.423598e-09
9.595000	-3.745675e-09
9.596000	-5.35606e-09
9.597000	-6.322292e-09
9.598000	-3.101521e-09
9.599000	-3.101521e-09
9.600000	-2.779444e-09
9.601000	-1.813212e-09
9.602000	1.192504e-10
9.603000	-4.067752e-09
9.604000	-5.678137e-09
9.605000	-4.067752e-09
9.606000	-3.423598e-09
9.607000	-4.711906e-09
9.608000	-2.135289e-09
9.609000	-1.813212e-09
9.610000	7.634046e-10
9.611000	-2.028267e-10
9.612000	-8.469809e-10
9.613000	-1.491135e-09
9.614000	-2.135289e-09
9.615000	-2.457366e-09
9.616000	-6.322292e-09
9.617000	-5.249038e-10
9.618000	1.085482e-09
9.619000	-5.249038e-10
9.620000	-5.249038e-10
9.621000	-1.169058e-09
9.622000	-1.813212e-09
9.623000	-4.067752e-09
9.624000	-1.169058e-09
9.625000	-2.457366e-09
9.626000	-2.457366e-09
9.627000	-5.249038e-10
9.628000	-1.813212e-09
9.629000	-5.033983e-09
9.630000	-5.033983e-09
9.631000	-6.966446e-09
9.632000	-4.067752e-09
9.633000	-4.067752e-09
9.634000	-4.389829e-09
9.635000	-1.491135e-09
9.636000	-2.779444e-09
9.637000	-3.101521e-09
9.638000	-6.000215e-09
9.639000	-3.745675e-09
9.640000	-5.033983e-09
9.641000	-5.678137e-09
9.642000	-4.067752e-09
9.643000	-2.779444e-09
9.644000	-3.101521e-09
9.645000	-3.745675e-09
9.646000	-4.067752e-09
9.647000	-6.322292e-09
9.648000	-6.000215e-09
9.649000	-2.779444e-09
9.650000	-1.491135e-09
9.651000	-2.028267e-10
9.652000	-1.491135e-09
9.653000	-2.135289e-09
9.654000	1.192504e-10
9.655000	-1.813212e-09
9.656000	-6.000215e-09
9.657000	-4.389829e-09
9.658000	1.407559e-09
9.659000	1.085482e-09
9.660000	-1.813212e-09
9.661000	-1.169058e-09
9.662000	-1.169058e-09
9.663000	-3.101521e-09
9.664000	-4.389829e-09
9.665000	-3.745675e-09
9.666000	-1.813212e-09
9.667000	-1.813212e-09
9.668000	-2.457366e-09
9.669000	-1.813212e-09
9.670000	-1.813212e-09
9.671000	-4.389829e-09
9.672000	-8.254754e-09
9.673000	-4.067752e-09
9.674000	-1.813212e-09
9.675000	-1.813212e-09
9.676000	-2.779444e-09
9.677000	-2.135289e-09
9.678000	-8.254754e-09
9.679000	-4.711906e-09
9.680000	-6.644369e-09
9.681000	-1.813212e-09
9.682000	-5.35606e-09
9.683000	-5.033983e-09
9.684000	-5.678137e-09
9.685000	-1.169058e-09
9.686000	-2.779444e-09
9.687000	-3.745675e-09
9.688000	-6.644369e-09
9.689000	-6.966446e-09
9.690000	-3.101521e-09
9.691000	-4.067752e-09
9.692000	-3.745675e-09
9.693000	-2.457366e-09
9.694000	-8.469809e-10
9.695000	-2.779444e-09
9.696000	-5.35606e-09
9.697000	-4.711906e-09
9.698000	-4.067752e-09
9.699000	-4.711906e-09
9.700000	-2.779444e-09
9.701000	-1.169058e-09
9.702000	-2.135289e-09
9.703000	-4.067752e-09
9.704000	-3.745675e-09
9.705000	-4.389829e-09
9.706000	-4.067752e-09
9.707000	-5.35606e-09
9.708000	-3.101521e-09
9.709000	1.192504e-10
9.710000	-1.169058e-09
9.711000	-2.135289e-09
9.712000	-3.101521e-09
9.713000	-1.813212e-09
9.714000	-3.101521e-09
9.715000	-2.779444e-09
9.716000	-1.491135e-09
9.717000	1.192504e-10
9.718000	-1.169058e-09
9.719000	-8.469809e-10
9.720000	-1.491135e-09
9.721000	-3.423598e-09
9.722000	-3.423598e-09
9.723000	-1.813212e-09
9.724000	-3.423598e-09
9.725000	-5.35606e-09
9.726000	-3.101521e-09
9.727000	-3.745675e-09
9.728000	-3.423598e-09
9.729000	-6.322292e-09
9.730000	-3.745675e-09
9.731000	-4.711906e-09
9.732000	-5.678137e-09
9.733000	-3.101521e-09
9.734000	-1.169058e-09
9.735000	-2.779444e-09
9.736000	-4.067752e-09
9.737000	-3.745675e-09
9.738000	-3.423598e-09
9.739000	-5.033983e-09
9.740000	-7.288523e-09
9.741000	-5.678137e-09
9.742000	-6.966446e-09
9.743000	-3.745675e-09
9.744000	-3.101521e-09
9.745000	-3.745675e-09
9.746000	-4.067752e-09
9.747000	-6.000215e-09
9.748000	-6.322292e-09
9.749000	-5.35606e-09
9.750000	-2.135289e-09
9.751000	-2.028267e-10
9.752000	-2.457366e-09
9.753000	-2.779444e-09
9.754000	-1.491135e-09
9.755000	-1.169058e-09
9.756000	-4.711906e-09
9.757000	-3.745675e-09
9.758000	-8.469809e-10
9.759000	1.192504e-10
9.760000	-2.028267e-10
9.761000	-8.469809e-10
9.762000	1.192504e-10
9.763000	-2.135289e-09
9.764000	-4.389829e-09
9.765000	-4.067752e-09
9.766000	-2.457366e-09
9.767000	-8.469809e-10
9.768000	-2.457366e-09
9.769000	-1.813212e-09
9.770000	-2.779444e-09
9.771000	-2.135289e-09
9.772000	-3.101521e-09
9.773000	-3.423598e-09
9.774000	-2.135289e-09
9.775000	-2.028267e-10
9.776000	-2.779444e-09
9.777000	-1.491135e-09
9.778000	-3.423598e-09
9.779000	-3.101521e-09
9.780000	-6.322292e-09
9.781000	-6.644369e-09
9.782000	-4.711906e-09
9.783000	-4.389829e-09
9.784000	-4.711906e-09
9.785000	-7.288523e-09
9.786000	-1.813212e-09
9.787000	-4.067752e-09
9.788000	-8.254754e-09
9.789000	-5.678137e-09
9.790000	-4.711906e-09
9.791000	-1.813212e-09
9.792000	-4.389829e-09
9.793000	-2.457366e-09
9.794000	-2.135289e-09
9.795000	-1.169058e-09
9.796000	-6.322292e-09
9.797000	-5.35606e-09
9.798000	-3.745675e-09
9.799000	-3.101521e-09
9.800000	-8.469809e-10
9.801000	-8.469809e-10
9.802000	-4.711906e-09
9.803000	-4.389829e-09
9.804000	-3.745675e-09
9.805000	-4.711906e-09
9.806000	-4.711906e-09
9.807000	-3.745675e-09
9.808000	-2.457366e-09
9.809000	-3.101521e-09
9.810000	-3.101521e-09
9.811000	-1.491135e-09
9.812000	-1.813212e-09
9.813000	-1.491135e-09
9.814000	-3.101521e-09
9.815000	-2.779444e-09
9.816000	-2.135289e-09
9.817000	-5.249038e-10
9.818000	-3.101521e-09
9.819000	-2.028267e-10
9.820000	-2.779444e-09
9.821000	-3.745675e-09
9.822000	-5.033983e-09
9.823000	-3.101521e-09
9.824000	-2.779444e-09
9.825000	-2.779444e-09
9.826000	-1.491135e-09
9.827000	-1.813212e-09
9.828000	-2.779444e-09
9.829000	-1.813212e-09
9.830000	-5.033983e-09
9.831000	-4.067752e-09
9.832000	-4.389829e-09
9.833000	-2.457366e-09
9.834000	-8.469809e-10
9.835000	-1.169058e-09
9.836000	-5.033983e-09
9.837000	-3.423598e-09
9.838000	-2.779444e-09
9.839000	-3.423598e-09
