***End_of_Header***
Time	Voltage
10.583000	-2.779444e-09
10.584000	-1.813212e-09
10.585000	1.192504e-10
10.586000	-2.028267e-10
10.587000	-8.469809e-10
10.588000	-1.169058e-09
10.589000	-5.249038e-10
10.590000	-1.491135e-09
10.591000	-1.491135e-09
10.592000	-4.067752e-09
10.593000	-4.389829e-09
10.594000	-3.745675e-09
10.595000	-1.491135e-09
10.596000	-3.745675e-09
10.597000	-4.389829e-09
10.598000	-3.101521e-09
10.599000	-2.135289e-09
10.600000	-2.457366e-09
10.601000	-1.169058e-09
10.602000	-3.423598e-09
10.603000	-2.135289e-09
10.604000	-2.779444e-09
10.605000	-4.711906e-09
10.606000	-6.000215e-09
10.607000	-5.033983e-09
10.608000	-5.033983e-09
10.609000	-4.711906e-09
10.610000	-6.966446e-09
10.611000	-3.745675e-09
10.612000	-4.067752e-09
10.613000	-3.745675e-09
10.614000	-4.389829e-09
10.615000	-3.423598e-09
10.616000	-1.169058e-09
10.617000	1.192504e-10
10.618000	-2.779444e-09
10.619000	-2.135289e-09
10.620000	-4.067752e-09
10.621000	-3.423598e-09
10.622000	-5.249038e-10
10.623000	-1.491135e-09
10.624000	-8.469809e-10
10.625000	-5.249038e-10
10.626000	-5.249038e-10
10.627000	1.407559e-09
10.628000	1.407559e-09
10.629000	-8.469809e-10
10.630000	-5.249038e-10
10.631000	1.085482e-09
10.632000	1.085482e-09
10.633000	2.471524e-07
10.634000	1.998071e-07
10.635000	1.225085e-07
10.636000	8.933461e-08
10.637000	7.129829e-08
10.638000	5.648274e-08
10.639000	4.359966e-08
10.640000	4.005681e-08
10.641000	3.87685e-08
10.642000	3.490358e-08
10.643000	3.103865e-08
10.644000	2.910619e-08
10.645000	2.33088e-08
10.646000	1.91218e-08
10.647000	1.49348e-08
10.648000	1.010364e-08
10.649000	5.272484e-09
10.650000	1.192504e-10
10.651000	-8.469809e-10
10.652000	-1.813212e-09
10.653000	1.010364e-08
10.654000	1.783349e-08
10.655000	1.847765e-08
10.656000	2.073218e-08
10.657000	2.041011e-08
10.658000	1.976595e-08
10.659000	1.557895e-08
10.660000	1.686726e-08
10.661000	1.718934e-08
10.662000	1.879972e-08
10.663000	1.815557e-08
10.664000	2.008803e-08
10.665000	1.944388e-08
10.666000	2.041011e-08
10.667000	1.815557e-08
10.668000	1.686726e-08
10.669000	1.590103e-08
10.670000	1.396857e-08
10.671000	1.20361e-08
10.672000	1.139195e-08
10.673000	1.332441e-08
10.674000	1.429064e-08
10.675000	1.686726e-08
10.676000	1.847765e-08
10.677000	1.622311e-08
10.678000	1.654518e-08
10.679000	1.461272e-08
10.680000	1.20361e-08
10.681000	1.49348e-08
10.682000	1.332441e-08
10.683000	1.300233e-08
10.684000	1.235818e-08
10.685000	1.461272e-08
10.686000	1.49348e-08
10.687000	1.590103e-08
10.688000	1.815557e-08
10.689000	2.073218e-08
10.690000	2.33088e-08
10.691000	2.556334e-08
10.692000	1.944388e-08
10.693000	2.74958e-08
10.694000	3.136073e-08
10.695000	1.936876e-07
10.696000	9.22333e-08
10.697000	4.521004e-08
10.698000	2.878411e-08
10.699000	2.33088e-08
10.700000	2.266465e-08
10.701000	2.459711e-08
10.702000	2.556334e-08
10.703000	2.588542e-08
10.704000	2.62075e-08
10.705000	2.491919e-08
10.706000	2.105426e-08
10.707000	1.815557e-08
10.708000	1.20361e-08
10.709000	1.235818e-08
10.710000	1.235818e-08
10.711000	1.20361e-08
10.712000	1.171403e-08
10.713000	1.042572e-08
10.714000	7.204947e-09
10.715000	1.010364e-08
10.716000	9.781563e-09
10.717000	9.459486e-09
10.718000	8.171178e-09
10.719000	6.560792e-09
10.720000	5.272484e-09
10.721000	1.085482e-09
10.722000	-2.028267e-10
10.723000	-2.135289e-09
10.724000	-4.389829e-09
10.725000	-4.389829e-09
10.726000	-6.966446e-09
10.727000	-4.067752e-09
10.728000	-4.067752e-09
10.729000	-5.033983e-09
10.730000	-4.389829e-09
10.731000	-8.898909e-09
10.732000	-6.322292e-09
10.733000	-6.000215e-09
10.734000	-9.220986e-09
10.735000	-6.644369e-09
10.736000	-6.966446e-09
10.737000	-6.000215e-09
10.738000	-5.678137e-09
10.739000	-5.678137e-09
10.740000	-3.101521e-09
10.741000	-3.101521e-09
10.742000	-1.169058e-09
10.743000	-3.423598e-09
10.744000	-2.457366e-09
10.745000	-2.779444e-09
10.746000	-5.678137e-09
10.747000	-5.033983e-09
10.748000	-4.711906e-09
10.749000	-4.389829e-09
10.750000	-5.033983e-09
10.751000	-3.101521e-09
10.752000	-2.779444e-09
10.753000	-3.423598e-09
10.754000	-4.389829e-09
10.755000	-2.779444e-09
10.756000	-2.779444e-09
10.757000	-2.457366e-09
10.758000	-1.813212e-09
10.759000	-3.101521e-09
10.760000	-3.423598e-09
10.761000	-2.779444e-09
10.762000	-2.457366e-09
10.763000	-3.423598e-09
10.764000	-1.491135e-09
10.765000	-1.169058e-09
10.766000	-2.779444e-09
10.767000	4.413275e-10
10.768000	-8.469809e-10
10.769000	-2.135289e-09
10.770000	-2.779444e-09
10.771000	-4.067752e-09
10.772000	-2.779444e-09
10.773000	-3.101521e-09
10.774000	-2.135289e-09
10.775000	-3.423598e-09
10.776000	-2.457366e-09
10.777000	-1.169058e-09
10.778000	-2.135289e-09
10.779000	-8.469809e-10
10.780000	-1.813212e-09
10.781000	-2.779444e-09
10.782000	-3.423598e-09
10.783000	-2.779444e-09
10.784000	-2.779444e-09
10.785000	-4.067752e-09
10.786000	-3.423598e-09
10.787000	-2.135289e-09
10.788000	-3.101521e-09
10.789000	-3.101521e-09
10.790000	-2.457366e-09
10.791000	-2.135289e-09
10.792000	-3.101521e-09
10.793000	-4.711906e-09
10.794000	-5.678137e-09
10.795000	-5.033983e-09
10.796000	-5.033983e-09
10.797000	-3.745675e-09
10.798000	-4.711906e-09
10.799000	-4.389829e-09
10.800000	-5.35606e-09
10.801000	-3.101521e-09
10.802000	-3.745675e-09
10.803000	-2.135289e-09
10.804000	-1.169058e-09
10.805000	-2.028267e-10
10.806000	-5.249038e-10
10.807000	-1.491135e-09
10.808000	-2.779444e-09
10.809000	-3.101521e-09
10.810000	-1.491135e-09
10.811000	-3.101521e-09
10.812000	-5.35606e-09
10.813000	-6.000215e-09
10.814000	-6.000215e-09
10.815000	-6.000215e-09
10.816000	-6.000215e-09
10.817000	-4.389829e-09
10.818000	-4.067752e-09
10.819000	-5.678137e-09
10.820000	-4.711906e-09
10.821000	-5.678137e-09
10.822000	-1.813212e-09
10.823000	-1.813212e-09
10.824000	-8.469809e-10
10.825000	1.192504e-10
10.826000	-5.249038e-10
10.827000	-1.813212e-09
10.828000	-1.169058e-09
10.829000	-1.169058e-09
10.830000	-1.169058e-09
10.831000	-1.491135e-09
10.832000	-3.423598e-09
10.833000	-5.033983e-09
10.834000	-4.389829e-09
10.835000	-3.745675e-09
10.836000	-6.644369e-09
10.837000	-6.322292e-09
10.838000	-4.389829e-09
10.839000	-3.745675e-09
10.840000	-5.033983e-09
10.841000	-5.35606e-09
10.842000	-2.779444e-09
10.843000	-8.469809e-10
10.844000	-2.028267e-10
10.845000	-1.169058e-09
10.846000	-3.101521e-09
10.847000	-6.322292e-09
10.848000	-5.678137e-09
10.849000	-4.711906e-09
10.850000	-2.779444e-09
10.851000	-3.745675e-09
10.852000	-4.711906e-09
10.853000	-5.678137e-09
10.854000	-4.067752e-09
10.855000	-7.288523e-09
10.856000	-6.966446e-09
10.857000	-6.322292e-09
10.858000	-3.745675e-09
10.859000	-6.000215e-09
10.860000	-4.389829e-09
10.861000	-3.745675e-09
10.862000	-1.169058e-09
10.863000	-5.249038e-10
10.864000	-1.491135e-09
10.865000	-4.711906e-09
10.866000	-5.249038e-10
10.867000	1.085482e-09
10.868000	1.192504e-10
10.869000	-5.249038e-10
10.870000	1.192504e-10
10.871000	-3.423598e-09
10.872000	-4.711906e-09
10.873000	-4.067752e-09
10.874000	-5.678137e-09
10.875000	-2.135289e-09
10.876000	-2.779444e-09
10.877000	-2.779444e-09
10.878000	-1.491135e-09
10.879000	-2.457366e-09
10.880000	-2.135289e-09
10.881000	-1.491135e-09
10.882000	-1.491135e-09
10.883000	-5.249038e-10
10.884000	-3.423598e-09
10.885000	-4.711906e-09
10.886000	-4.067752e-09
10.887000	-6.322292e-09
10.888000	-4.389829e-09
10.889000	-5.35606e-09
10.890000	-5.033983e-09
10.891000	-5.35606e-09
10.892000	-5.35606e-09
10.893000	-5.033983e-09
10.894000	-4.711906e-09
10.895000	-3.423598e-09
10.896000	-1.169058e-09
10.897000	-3.745675e-09
10.898000	-2.135289e-09
10.899000	-1.813212e-09
10.900000	-1.169058e-09
10.901000	-2.457366e-09
10.902000	-4.389829e-09
10.903000	-1.813212e-09
10.904000	-8.469809e-10
10.905000	-8.469809e-10
10.906000	-1.813212e-09
10.907000	-5.249038e-10
10.908000	-2.457366e-09
10.909000	-1.169058e-09
10.910000	-1.491135e-09
10.911000	-2.779444e-09
10.912000	-4.389829e-09
10.913000	-4.711906e-09
10.914000	-4.389829e-09
10.915000	-4.389829e-09
10.916000	-5.033983e-09
10.917000	-5.033983e-09
10.918000	-6.644369e-09
10.919000	-4.067752e-09
10.920000	-4.711906e-09
10.921000	-2.457366e-09
10.922000	-1.169058e-09
10.923000	-2.135289e-09
10.924000	-2.779444e-09
10.925000	-4.711906e-09
10.926000	-5.35606e-09
10.927000	-4.389829e-09
10.928000	-3.101521e-09
10.929000	-4.389829e-09
10.930000	-6.322292e-09
10.931000	-4.711906e-09
10.932000	-3.745675e-09
10.933000	-5.033983e-09
10.934000	-3.423598e-09
10.935000	-4.067752e-09
10.936000	-2.457366e-09
10.937000	-5.678137e-09
10.938000	-3.423598e-09
10.939000	-4.067752e-09
10.940000	-1.491135e-09
10.941000	-1.491135e-09
10.942000	-3.745675e-09
10.943000	-2.779444e-09
10.944000	-1.169058e-09
10.945000	-1.813212e-09
10.946000	-5.249038e-10
10.947000	-8.469809e-10
10.948000	-2.135289e-09
10.949000	-1.491135e-09
10.950000	-3.101521e-09
10.951000	-8.576831e-09
10.952000	-5.033983e-09
10.953000	-6.000215e-09
10.954000	-3.101521e-09
10.955000	-2.779444e-09
10.956000	-2.779444e-09
10.957000	-4.389829e-09
10.958000	-4.389829e-09
10.959000	-4.067752e-09
10.960000	-3.423598e-09
10.961000	1.192504e-10
10.962000	-5.249038e-10
10.963000	-2.135289e-09
10.964000	-3.745675e-09
10.965000	-5.35606e-09
10.966000	-3.745675e-09
10.967000	-6.322292e-09
10.968000	-4.067752e-09
10.969000	-5.033983e-09
10.970000	-5.678137e-09
10.971000	-4.389829e-09
10.972000	-4.389829e-09
10.973000	-4.389829e-09
10.974000	-3.101521e-09
10.975000	-1.813212e-09
10.976000	-1.169058e-09
10.977000	-8.469809e-10
10.978000	-2.028267e-10
10.979000	-8.469809e-10
10.980000	-3.745675e-09
10.981000	-3.101521e-09
10.982000	-2.779444e-09
