***End_of_Header***
Time	Voltage
6.189000	-4.711906e-09
6.190000	-5.033983e-09
6.191000	-4.067752e-09
6.192000	-6.644369e-09
6.193000	-3.423598e-09
6.194000	-6.000215e-09
6.195000	-4.711906e-09
6.196000	-3.101521e-09
6.197000	-6.966446e-09
6.198000	-5.033983e-09
6.199000	-2.779444e-09
6.200000	-4.067752e-09
6.201000	-3.101521e-09
6.202000	-2.779444e-09
6.203000	-8.469809e-10
6.204000	-5.249038e-10
6.205000	-4.389829e-09
6.206000	-2.779444e-09
6.207000	-4.067752e-09
6.208000	-5.35606e-09
6.209000	-3.745675e-09
6.210000	-5.35606e-09
6.211000	-4.067752e-09
6.212000	-3.423598e-09
6.213000	-1.813212e-09
6.214000	-2.028267e-10
6.215000	1.407559e-09
6.216000	1.192504e-10
6.217000	7.634046e-10
6.218000	-8.469809e-10
6.219000	-1.169058e-09
6.220000	-1.813212e-09
6.221000	-3.423598e-09
6.222000	-1.813212e-09
6.223000	-5.033983e-09
6.224000	-3.101521e-09
6.225000	-2.457366e-09
6.226000	-4.389829e-09
6.227000	-3.745675e-09
6.228000	-3.101521e-09
6.229000	-5.678137e-09
6.230000	-4.389829e-09
6.231000	-7.288523e-09
6.232000	-6.644369e-09
6.233000	-4.711906e-09
6.234000	-6.644369e-09
6.235000	-4.067752e-09
6.236000	-4.067752e-09
6.237000	-3.423598e-09
6.238000	-4.067752e-09
6.239000	3.909058e-08
6.240000	2.439316e-07
6.241000	1.521396e-07
6.242000	1.006073e-07
6.243000	8.031645e-08
6.244000	6.55009e-08
6.245000	4.746458e-08
6.246000	4.070097e-08
6.247000	3.425942e-08
6.248000	3.103865e-08
6.249000	2.942827e-08
6.250000	2.62075e-08
6.251000	2.298672e-08
6.252000	2.298672e-08
6.253000	2.008803e-08
6.254000	1.622311e-08
6.255000	1.139195e-08
6.256000	6.88287e-09
6.257000	1.729636e-09
6.258000	-5.249038e-10
6.259000	1.171403e-08
6.260000	1.815557e-08
6.261000	2.169842e-08
6.262000	2.33088e-08
6.263000	2.395296e-08
6.264000	2.363088e-08
6.265000	2.427503e-08
6.266000	2.395296e-08
6.267000	2.105426e-08
6.268000	2.202049e-08
6.269000	1.944388e-08
6.270000	1.944388e-08
6.271000	1.976595e-08
6.272000	1.944388e-08
6.273000	1.718934e-08
6.274000	1.622311e-08
6.275000	1.525687e-08
6.276000	1.590103e-08
6.277000	1.364649e-08
6.278000	1.686726e-08
6.279000	1.557895e-08
6.280000	1.590103e-08
6.281000	1.396857e-08
6.282000	1.364649e-08
6.283000	1.171403e-08
6.284000	1.20361e-08
6.285000	1.461272e-08
6.286000	1.525687e-08
6.287000	1.396857e-08
6.288000	1.235818e-08
6.289000	1.300233e-08
6.290000	7.527024e-09
6.291000	7.527024e-09
6.292000	1.300233e-08
6.293000	1.364649e-08
6.294000	1.718934e-08
6.295000	1.718934e-08
6.296000	2.008803e-08
6.297000	2.298672e-08
6.298000	2.491919e-08
6.299000	2.846204e-08
6.300000	5.036328e-08
6.301000	1.498851e-07
6.302000	6.582298e-08
6.303000	3.683604e-08
6.304000	2.652957e-08
6.305000	2.588542e-08
6.306000	2.556334e-08
6.307000	2.556334e-08
6.308000	2.491919e-08
6.309000	2.459711e-08
6.310000	2.685165e-08
6.311000	2.588542e-08
6.312000	2.427503e-08
6.313000	2.008803e-08
6.314000	1.879972e-08
6.315000	1.847765e-08
6.316000	1.654518e-08
6.317000	1.49348e-08
6.318000	1.235818e-08
6.319000	1.010364e-08
6.320000	1.010364e-08
6.321000	5.594561e-09
6.322000	3.340021e-09
6.323000	2.37379e-09
6.324000	7.634046e-10
6.325000	1.085482e-09
6.326000	7.634046e-10
6.327000	-1.491135e-09
6.328000	-3.423598e-09
6.329000	-6.966446e-09
6.330000	-7.288523e-09
6.331000	-8.576831e-09
6.332000	-9.543063e-09
6.333000	-9.220986e-09
6.334000	-1.244176e-08
6.335000	-1.018722e-08
6.336000	-1.211968e-08
6.337000	-1.018722e-08
6.338000	-9.220986e-09
6.339000	-4.711906e-09
6.340000	-7.932677e-09
6.341000	-5.033983e-09
6.342000	-3.101521e-09
6.343000	-1.491135e-09
6.344000	-4.711906e-09
6.345000	-3.101521e-09
6.346000	-3.745675e-09
6.347000	-5.033983e-09
6.348000	-5.35606e-09
6.349000	-8.576831e-09
6.350000	-4.389829e-09
6.351000	-5.033983e-09
6.352000	-3.423598e-09
6.353000	-1.491135e-09
6.354000	-8.469809e-10
6.355000	-5.249038e-10
6.356000	-1.813212e-09
6.357000	-8.469809e-10
6.358000	-1.813212e-09
6.359000	-2.135289e-09
6.360000	-8.469809e-10
6.361000	-2.457366e-09
6.362000	-2.457366e-09
6.363000	-1.813212e-09
6.364000	-1.813212e-09
6.365000	-5.249038e-10
6.366000	-1.169058e-09
6.367000	-3.745675e-09
6.368000	-1.491135e-09
6.369000	-4.067752e-09
6.370000	-4.389829e-09
6.371000	-4.067752e-09
6.372000	-5.35606e-09
6.373000	-5.35606e-09
6.374000	-6.966446e-09
6.375000	-5.678137e-09
6.376000	-4.711906e-09
6.377000	-4.711906e-09
6.378000	-2.779444e-09
6.379000	-3.423598e-09
6.380000	-1.813212e-09
6.381000	-2.135289e-09
6.382000	-5.249038e-10
6.383000	4.413275e-10
6.384000	1.729636e-09
6.385000	-2.028267e-10
6.386000	-1.169058e-09
6.387000	-1.169058e-09
6.388000	-5.249038e-10
6.389000	-2.779444e-09
6.390000	-5.35606e-09
6.391000	-5.033983e-09
6.392000	-6.000215e-09
6.393000	-6.000215e-09
6.394000	-6.644369e-09
6.395000	-5.033983e-09
6.396000	-3.423598e-09
6.397000	-4.711906e-09
6.398000	-4.711906e-09
6.399000	-2.457366e-09
6.400000	-1.813212e-09
6.401000	-2.457366e-09
6.402000	-1.169058e-09
6.403000	-5.249038e-10
6.404000	-1.813212e-09
6.405000	-3.423598e-09
6.406000	-3.101521e-09
6.407000	-4.067752e-09
6.408000	-2.779444e-09
6.409000	-3.745675e-09
6.410000	-4.711906e-09
6.411000	-6.000215e-09
6.412000	-5.678137e-09
6.413000	-6.966446e-09
6.414000	-7.6106e-09
6.415000	-6.644369e-09
6.416000	-7.288523e-09
6.417000	-5.678137e-09
6.418000	-6.322292e-09
6.419000	-3.423598e-09
6.420000	-2.135289e-09
6.421000	-1.813212e-09
6.422000	-1.813212e-09
6.423000	-3.423598e-09
6.424000	-2.457366e-09
6.425000	-2.135289e-09
6.426000	-2.779444e-09
6.427000	-1.813212e-09
6.428000	-4.389829e-09
6.429000	-4.067752e-09
6.430000	-3.423598e-09
6.431000	-3.101521e-09
6.432000	-3.101521e-09
6.433000	-3.423598e-09
6.434000	-3.101521e-09
6.435000	-4.711906e-09
6.436000	-6.000215e-09
6.437000	-2.457366e-09
6.438000	-3.745675e-09
6.439000	-1.491135e-09
6.440000	-2.457366e-09
6.441000	-3.423598e-09
6.442000	-1.813212e-09
6.443000	-1.491135e-09
6.444000	-8.469809e-10
6.445000	-5.249038e-10
6.446000	-2.779444e-09
6.447000	-4.067752e-09
6.448000	-4.711906e-09
6.449000	-4.711906e-09
6.450000	-4.067752e-09
6.451000	-4.389829e-09
6.452000	-3.101521e-09
6.453000	-1.813212e-09
6.454000	-2.779444e-09
6.455000	-2.135289e-09
6.456000	-2.457366e-09
6.457000	-1.491135e-09
6.458000	-4.389829e-09
6.459000	-1.491135e-09
6.460000	-2.457366e-09
6.461000	-2.135289e-09
6.462000	-5.35606e-09
6.463000	-5.033983e-09
6.464000	-6.322292e-09
6.465000	-2.135289e-09
6.466000	-3.101521e-09
6.467000	-3.745675e-09
6.468000	-3.423598e-09
6.469000	-3.745675e-09
6.470000	-3.423598e-09
6.471000	-4.711906e-09
6.472000	-5.033983e-09
6.473000	-6.000215e-09
6.474000	-5.35606e-09
6.475000	-6.000215e-09
6.476000	-6.000215e-09
6.477000	-5.678137e-09
6.478000	-5.033983e-09
6.479000	-5.35606e-09
6.480000	-4.067752e-09
6.481000	-1.491135e-09
6.482000	-2.457366e-09
6.483000	-1.813212e-09
6.484000	-4.389829e-09
6.485000	-2.779444e-09
6.486000	-8.469809e-10
6.487000	-4.389829e-09
6.488000	-3.423598e-09
6.489000	-3.745675e-09
6.490000	-4.067752e-09
6.491000	-4.389829e-09
6.492000	-2.135289e-09
6.493000	-3.423598e-09
6.494000	-2.779444e-09
6.495000	-2.135289e-09
6.496000	-4.389829e-09
6.497000	4.413275e-10
6.498000	-1.491135e-09
6.499000	-2.135289e-09
6.500000	-1.813212e-09
6.501000	-3.745675e-09
6.502000	-4.711906e-09
6.503000	-4.389829e-09
6.504000	-6.000215e-09
6.505000	-4.067752e-09
6.506000	-3.101521e-09
6.507000	-6.966446e-09
6.508000	-3.101521e-09
6.509000	-5.033983e-09
6.510000	-5.35606e-09
6.511000	-4.067752e-09
6.512000	-4.389829e-09
6.513000	-6.644369e-09
6.514000	-6.000215e-09
6.515000	-6.322292e-09
6.516000	-6.000215e-09
6.517000	-4.389829e-09
6.518000	-5.35606e-09
6.519000	-2.779444e-09
6.520000	-1.813212e-09
6.521000	-3.101521e-09
6.522000	-3.101521e-09
6.523000	-8.469809e-10
6.524000	-1.169058e-09
6.525000	-3.101521e-09
6.526000	-3.423598e-09
6.527000	-3.423598e-09
6.528000	-6.322292e-09
6.529000	-5.678137e-09
6.530000	-5.35606e-09
6.531000	-3.101521e-09
6.532000	-2.779444e-09
6.533000	-2.135289e-09
6.534000	-1.169058e-09
6.535000	4.413275e-10
6.536000	-2.135289e-09
6.537000	-5.249038e-10
6.538000	-1.169058e-09
6.539000	-1.813212e-09
6.540000	-8.469809e-10
6.541000	-1.813212e-09
6.542000	-3.101521e-09
6.543000	-2.135289e-09
6.544000	-3.101521e-09
6.545000	-1.813212e-09
6.546000	-2.779444e-09
6.547000	-3.101521e-09
6.548000	-2.457366e-09
6.549000	-3.745675e-09
6.550000	-6.644369e-09
6.551000	-4.711906e-09
6.552000	-4.711906e-09
6.553000	-8.254754e-09
6.554000	-6.644369e-09
6.555000	-6.644369e-09
6.556000	-5.35606e-09
6.557000	-3.745675e-09
6.558000	-3.745675e-09
6.559000	-1.169058e-09
6.560000	-2.135289e-09
6.561000	-2.457366e-09
6.562000	-3.745675e-09
6.563000	-3.745675e-09
6.564000	-1.491135e-09
6.565000	-3.423598e-09
6.566000	-2.779444e-09
6.567000	-4.711906e-09
6.568000	-5.033983e-09
6.569000	-5.033983e-09
6.570000	-3.745675e-09
6.571000	-4.067752e-09
6.572000	-1.813212e-09
6.573000	-2.135289e-09
6.574000	-1.169058e-09
6.575000	-8.469809e-10
6.576000	-8.469809e-10
6.577000	-1.491135e-09
6.578000	-3.745675e-09
6.579000	-4.389829e-09
6.580000	-1.169058e-09
6.581000	-1.491135e-09
6.582000	-3.101521e-09
6.583000	-5.249038e-10
6.584000	-3.745675e-09
6.585000	-1.813212e-09
6.586000	-2.779444e-09
6.587000	-5.033983e-09
6.588000	-5.678137e-09
