***End_of_Header***
Time	Voltage
66.352000	-1.813212e-09
66.353000	-1.169058e-09
66.354000	-2.779444e-09
66.355000	-2.779444e-09
66.356000	-3.745675e-09
66.357000	-3.745675e-09
66.358000	-3.101521e-09
66.359000	-5.033983e-09
66.360000	-5.033983e-09
66.361000	-5.033983e-09
66.362000	-5.678137e-09
66.363000	-6.000215e-09
66.364000	-4.067752e-09
66.365000	-2.135289e-09
66.366000	-3.745675e-09
66.367000	-3.101521e-09
66.368000	-2.457366e-09
66.369000	-2.135289e-09
66.370000	-3.745675e-09
66.371000	-4.389829e-09
66.372000	-2.779444e-09
66.373000	-3.101521e-09
66.374000	-6.000215e-09
66.375000	-3.101521e-09
66.376000	-1.813212e-09
66.377000	-1.491135e-09
66.378000	-5.249038e-10
66.379000	-1.169058e-09
66.380000	-2.028267e-10
66.381000	-1.813212e-09
66.382000	-1.813212e-09
66.383000	-4.067752e-09
66.384000	-5.35606e-09
66.385000	-3.745675e-09
66.386000	-5.35606e-09
66.387000	-6.000215e-09
66.388000	-6.644369e-09
66.389000	-4.389829e-09
66.390000	-4.389829e-09
66.391000	-2.779444e-09
66.392000	-4.389829e-09
66.393000	-3.745675e-09
66.394000	-5.249038e-10
66.395000	-2.457366e-09
66.396000	-3.745675e-09
66.397000	-4.067752e-09
66.398000	-3.423598e-09
66.399000	-4.067752e-09
66.400000	-3.745675e-09
66.401000	-5.35606e-09
66.402000	1.557895e-08
66.403000	2.394225e-07
66.404000	1.547163e-07
66.405000	1.080151e-07
66.406000	8.353722e-08
66.407000	6.389052e-08
66.408000	5.132951e-08
66.409000	4.231135e-08
66.410000	3.909058e-08
66.411000	3.554773e-08
66.412000	3.619189e-08
66.413000	3.45815e-08
66.414000	3.103865e-08
66.415000	2.975034e-08
66.416000	2.781788e-08
66.417000	2.588542e-08
66.418000	2.169842e-08
66.419000	1.783349e-08
66.420000	9.781563e-09
66.421000	9.781563e-09
66.422000	1.847765e-08
66.423000	2.041011e-08
66.424000	2.234257e-08
66.425000	2.137634e-08
66.426000	2.298672e-08
66.427000	2.073218e-08
66.428000	1.815557e-08
66.429000	1.944388e-08
66.430000	1.815557e-08
66.431000	1.751141e-08
66.432000	1.847765e-08
66.433000	1.879972e-08
66.434000	1.815557e-08
66.435000	1.815557e-08
66.436000	1.751141e-08
66.437000	1.783349e-08
66.438000	1.622311e-08
66.439000	1.590103e-08
66.440000	1.139195e-08
66.441000	1.139195e-08
66.442000	1.235818e-08
66.443000	1.622311e-08
66.444000	1.718934e-08
66.445000	1.332441e-08
66.446000	1.461272e-08
66.447000	1.525687e-08
66.448000	1.654518e-08
66.449000	1.557895e-08
66.450000	1.590103e-08
66.451000	1.654518e-08
66.452000	1.429064e-08
66.453000	1.525687e-08
66.454000	1.332441e-08
66.455000	1.429064e-08
66.456000	1.783349e-08
66.457000	1.976595e-08
66.458000	2.073218e-08
66.459000	2.395296e-08
66.460000	2.781788e-08
66.461000	3.522565e-08
66.462000	1.5375e-07
66.463000	1.572929e-07
66.464000	6.13139e-08
66.465000	2.942827e-08
66.466000	1.976595e-08
66.467000	1.718934e-08
66.468000	2.008803e-08
66.469000	2.363088e-08
66.470000	2.652957e-08
66.471000	2.717373e-08
66.472000	2.942827e-08
66.473000	2.266465e-08
66.474000	2.427503e-08
66.475000	2.459711e-08
66.476000	2.459711e-08
66.477000	2.363088e-08
66.478000	2.298672e-08
66.479000	2.105426e-08
66.480000	1.751141e-08
66.481000	1.429064e-08
66.482000	1.20361e-08
66.483000	1.010364e-08
66.484000	6.560792e-09
66.485000	3.984176e-09
66.486000	1.192504e-10
66.487000	-1.169058e-09
66.488000	1.407559e-09
66.489000	-8.469809e-10
66.490000	-3.101521e-09
66.491000	-4.067752e-09
66.492000	-5.35606e-09
66.493000	-6.644369e-09
66.494000	-5.678137e-09
66.495000	-7.932677e-09
66.496000	-6.966446e-09
66.497000	-8.898909e-09
66.498000	-1.050929e-08
66.499000	-7.6106e-09
66.500000	-8.898909e-09
66.501000	-8.898909e-09
66.502000	-8.898909e-09
66.503000	-6.966446e-09
66.504000	-6.322292e-09
66.505000	-6.644369e-09
66.506000	-4.067752e-09
66.507000	-6.322292e-09
66.508000	-6.644369e-09
66.509000	-5.678137e-09
66.510000	-4.389829e-09
66.511000	-6.322292e-09
66.512000	-3.101521e-09
66.513000	-1.813212e-09
66.514000	-3.745675e-09
66.515000	-2.457366e-09
66.516000	-4.067752e-09
66.517000	-1.169058e-09
66.518000	4.413275e-10
66.519000	-2.028267e-10
66.520000	1.192504e-10
66.521000	-5.249038e-10
66.522000	-7.6106e-09
66.523000	-4.067752e-09
66.524000	-2.457366e-09
66.525000	-3.745675e-09
66.526000	-3.745675e-09
66.527000	-4.067752e-09
66.528000	-4.711906e-09
66.529000	-1.813212e-09
66.530000	-2.457366e-09
66.531000	-6.322292e-09
66.532000	-1.491135e-09
66.533000	-2.779444e-09
66.534000	-1.491135e-09
66.535000	-2.135289e-09
66.536000	-8.576831e-09
66.537000	-4.711906e-09
66.538000	-8.254754e-09
66.539000	-3.745675e-09
66.540000	-5.35606e-09
66.541000	-4.067752e-09
66.542000	-8.254754e-09
66.543000	-5.35606e-09
66.544000	-3.745675e-09
66.545000	-4.711906e-09
66.546000	-3.745675e-09
66.547000	-6.322292e-09
66.548000	-5.678137e-09
66.549000	-3.423598e-09
66.550000	-3.423598e-09
66.551000	-3.423598e-09
66.552000	-4.067752e-09
66.553000	-4.067752e-09
66.554000	-2.457366e-09
66.555000	-4.067752e-09
66.556000	-3.745675e-09
66.557000	-3.101521e-09
66.558000	1.192504e-10
66.559000	-1.813212e-09
66.560000	-2.779444e-09
66.561000	-1.491135e-09
66.562000	-4.711906e-09
66.563000	-5.033983e-09
66.564000	-4.389829e-09
66.565000	-7.932677e-09
66.566000	-1.813212e-09
66.567000	-3.101521e-09
66.568000	-3.101521e-09
66.569000	-3.745675e-09
66.570000	-3.745675e-09
66.571000	-3.101521e-09
66.572000	-3.101521e-09
66.573000	-3.423598e-09
66.574000	-2.457366e-09
66.575000	-2.457366e-09
66.576000	-3.423598e-09
66.577000	-2.779444e-09
66.578000	-5.033983e-09
66.579000	-2.135289e-09
66.580000	-3.101521e-09
66.581000	-4.389829e-09
66.582000	-2.779444e-09
66.583000	-2.135289e-09
66.584000	-5.35606e-09
66.585000	-4.389829e-09
66.586000	-6.000215e-09
66.587000	-6.322292e-09
66.588000	-6.000215e-09
66.589000	-4.389829e-09
66.590000	-3.101521e-09
66.591000	-4.389829e-09
66.592000	-3.101521e-09
66.593000	-1.491135e-09
66.594000	-3.101521e-09
66.595000	-2.779444e-09
66.596000	-3.745675e-09
66.597000	-3.101521e-09
66.598000	-4.711906e-09
66.599000	-4.067752e-09
66.600000	-4.067752e-09
66.601000	-6.644369e-09
66.602000	-6.322292e-09
66.603000	-4.711906e-09
66.604000	-3.423598e-09
66.605000	-4.389829e-09
66.606000	-3.101521e-09
66.607000	-2.135289e-09
66.608000	-2.457366e-09
66.609000	-1.813212e-09
66.610000	-2.779444e-09
66.611000	-2.135289e-09
66.612000	-4.067752e-09
66.613000	-3.101521e-09
66.614000	-2.779444e-09
66.615000	-1.813212e-09
66.616000	-5.249038e-10
66.617000	-2.028267e-10
66.618000	-2.028267e-10
66.619000	-1.813212e-09
66.620000	-1.491135e-09
66.621000	-1.813212e-09
66.622000	-2.457366e-09
66.623000	-3.101521e-09
66.624000	-5.35606e-09
66.625000	-3.745675e-09
66.626000	-4.067752e-09
66.627000	-4.067752e-09
66.628000	-5.033983e-09
66.629000	-3.745675e-09
66.630000	-4.067752e-09
66.631000	-3.101521e-09
66.632000	-5.249038e-10
66.633000	-1.491135e-09
66.634000	-2.779444e-09
66.635000	-3.101521e-09
66.636000	-4.711906e-09
66.637000	-3.745675e-09
66.638000	-6.000215e-09
66.639000	-5.033983e-09
66.640000	-4.711906e-09
66.641000	-6.644369e-09
66.642000	-5.678137e-09
66.643000	-6.322292e-09
66.644000	-4.389829e-09
66.645000	-6.000215e-09
66.646000	-1.813212e-09
66.647000	-8.898909e-09
66.648000	-6.322292e-09
66.649000	-5.35606e-09
66.650000	-6.000215e-09
66.651000	-5.033983e-09
66.652000	-3.423598e-09
66.653000	-2.457366e-09
66.654000	-1.169058e-09
66.655000	-1.813212e-09
66.656000	-1.813212e-09
66.657000	-1.813212e-09
66.658000	1.192504e-10
66.659000	-2.135289e-09
66.660000	-1.491135e-09
66.661000	-3.423598e-09
66.662000	-2.457366e-09
66.663000	-5.35606e-09
66.664000	-3.101521e-09
66.665000	-5.678137e-09
66.666000	-1.813212e-09
66.667000	-2.135289e-09
66.668000	-2.457366e-09
66.669000	-7.6106e-09
66.670000	-3.745675e-09
66.671000	-8.469809e-10
66.672000	-3.745675e-09
66.673000	-1.491135e-09
66.674000	-2.457366e-09
66.675000	-1.169058e-09
66.676000	-3.101521e-09
66.677000	-2.779444e-09
66.678000	-3.745675e-09
66.679000	-4.389829e-09
66.680000	-4.389829e-09
66.681000	-4.389829e-09
66.682000	-2.779444e-09
66.683000	-3.745675e-09
66.684000	-4.067752e-09
66.685000	-4.067752e-09
66.686000	-3.745675e-09
66.687000	-4.711906e-09
66.688000	-5.35606e-09
66.689000	-4.067752e-09
66.690000	-4.711906e-09
66.691000	-3.423598e-09
66.692000	-3.101521e-09
66.693000	-2.457366e-09
66.694000	-2.779444e-09
66.695000	-3.423598e-09
66.696000	-3.101521e-09
66.697000	-4.067752e-09
66.698000	-2.457366e-09
66.699000	-3.745675e-09
66.700000	-3.423598e-09
66.701000	-5.033983e-09
66.702000	-4.389829e-09
66.703000	-3.423598e-09
66.704000	-4.711906e-09
66.705000	-3.745675e-09
66.706000	-2.135289e-09
66.707000	-1.491135e-09
66.708000	7.634046e-10
66.709000	-8.469809e-10
66.710000	-1.169058e-09
66.711000	-3.101521e-09
66.712000	-2.457366e-09
66.713000	-2.779444e-09
66.714000	-2.135289e-09
66.715000	-3.101521e-09
66.716000	-4.711906e-09
66.717000	-1.169058e-09
66.718000	-2.779444e-09
66.719000	-1.491135e-09
66.720000	-2.135289e-09
66.721000	-1.169058e-09
66.722000	-2.135289e-09
66.723000	-3.101521e-09
66.724000	-3.423598e-09
66.725000	-3.745675e-09
66.726000	-3.423598e-09
66.727000	-3.745675e-09
66.728000	-5.033983e-09
66.729000	-3.101521e-09
66.730000	-2.457366e-09
66.731000	-1.169058e-09
66.732000	-1.813212e-09
66.733000	-8.469809e-10
66.734000	-1.813212e-09
66.735000	-2.457366e-09
66.736000	-5.033983e-09
66.737000	-3.101521e-09
66.738000	-5.033983e-09
66.739000	-5.033983e-09
66.740000	-6.644369e-09
66.741000	-5.35606e-09
66.742000	-5.033983e-09
66.743000	-4.711906e-09
66.744000	-3.423598e-09
66.745000	-3.423598e-09
66.746000	-2.779444e-09
66.747000	-4.389829e-09
66.748000	-3.423598e-09
66.749000	-4.389829e-09
66.750000	-6.322292e-09
66.751000	-7.6106e-09
