***End_of_Header***
Time	Voltage
76.389000	-1.169058e-09
76.390000	-2.457366e-09
76.391000	-2.135289e-09
76.392000	-1.169058e-09
76.393000	-2.457366e-09
76.394000	-1.169058e-09
76.395000	-3.423598e-09
76.396000	-2.135289e-09
76.397000	-4.067752e-09
76.398000	-8.469809e-10
76.399000	-1.491135e-09
76.400000	-1.491135e-09
76.401000	-1.169058e-09
76.402000	-2.779444e-09
76.403000	-3.423598e-09
76.404000	-5.678137e-09
76.405000	-4.389829e-09
76.406000	-5.678137e-09
76.407000	-5.033983e-09
76.408000	-4.711906e-09
76.409000	-2.135289e-09
76.410000	-8.576831e-09
76.411000	-3.745675e-09
76.412000	-2.457366e-09
76.413000	-2.135289e-09
76.414000	-1.169058e-09
76.415000	-3.101521e-09
76.416000	-3.745675e-09
76.417000	-5.678137e-09
76.418000	-4.389829e-09
76.419000	-4.389829e-09
76.420000	-3.745675e-09
76.421000	-5.678137e-09
76.422000	-5.033983e-09
76.423000	-5.033983e-09
76.424000	-3.423598e-09
76.425000	-5.35606e-09
76.426000	-4.389829e-09
76.427000	-3.745675e-09
76.428000	-2.457366e-09
76.429000	-3.101521e-09
76.430000	-2.779444e-09
76.431000	-3.101521e-09
76.432000	-1.813212e-09
76.433000	-1.813212e-09
76.434000	1.192504e-10
76.435000	1.729636e-09
76.436000	4.413275e-10
76.437000	2.37379e-09
76.438000	1.192504e-10
76.439000	2.233187e-07
76.440000	1.981967e-07
76.441000	1.299163e-07
76.442000	9.448784e-08
76.443000	6.96879e-08
76.444000	5.100743e-08
76.445000	3.780227e-08
76.446000	3.554773e-08
76.447000	3.297111e-08
76.448000	2.942827e-08
76.449000	2.781788e-08
76.450000	2.781788e-08
76.451000	2.781788e-08
76.452000	2.491919e-08
76.453000	2.041011e-08
76.454000	1.783349e-08
76.455000	1.171403e-08
76.456000	7.204947e-09
76.457000	3.340021e-09
76.458000	1.332441e-08
76.459000	1.879972e-08
76.460000	2.234257e-08
76.461000	2.524126e-08
76.462000	2.717373e-08
76.463000	2.395296e-08
76.464000	2.137634e-08
76.465000	2.202049e-08
76.466000	2.298672e-08
76.467000	2.105426e-08
76.468000	1.944388e-08
76.469000	2.041011e-08
76.470000	1.944388e-08
76.471000	1.783349e-08
76.472000	2.073218e-08
76.473000	1.944388e-08
76.474000	2.169842e-08
76.475000	1.91218e-08
76.476000	1.686726e-08
76.477000	1.654518e-08
76.478000	1.49348e-08
76.479000	1.461272e-08
76.480000	1.300233e-08
76.481000	1.235818e-08
76.482000	1.429064e-08
76.483000	1.525687e-08
76.484000	1.364649e-08
76.485000	1.590103e-08
76.486000	1.815557e-08
76.487000	1.944388e-08
76.488000	1.396857e-08
76.489000	1.815557e-08
76.490000	1.461272e-08
76.491000	1.590103e-08
76.492000	1.525687e-08
76.493000	1.429064e-08
76.494000	2.363088e-08
76.495000	2.846204e-08
76.496000	2.74958e-08
76.497000	3.103865e-08
76.498000	2.813996e-08
76.499000	3.232696e-08
76.500000	3.780227e-08
76.501000	2.046382e-07
76.502000	8.80463e-08
76.503000	3.941266e-08
76.504000	2.169842e-08
76.505000	1.686726e-08
76.506000	1.783349e-08
76.507000	1.91218e-08
76.508000	2.169842e-08
76.509000	2.363088e-08
76.510000	2.395296e-08
76.511000	2.588542e-08
76.512000	2.556334e-08
76.513000	2.266465e-08
76.514000	2.105426e-08
76.515000	2.105426e-08
76.516000	1.815557e-08
76.517000	1.718934e-08
76.518000	1.396857e-08
76.519000	1.106987e-08
76.520000	8.815332e-09
76.521000	5.594561e-09
76.522000	3.017944e-09
76.523000	2.37379e-09
76.524000	1.192504e-10
76.525000	1.085482e-09
76.526000	1.085482e-09
76.527000	-2.457366e-09
76.528000	-2.457366e-09
76.529000	-4.067752e-09
76.530000	-6.966446e-09
76.531000	-6.644369e-09
76.532000	-5.678137e-09
76.533000	-4.711906e-09
76.534000	-6.322292e-09
76.535000	-4.389829e-09
76.536000	-4.711906e-09
76.537000	-2.779444e-09
76.538000	-5.678137e-09
76.539000	-3.745675e-09
76.540000	-3.423598e-09
76.541000	-6.000215e-09
76.542000	-5.678137e-09
76.543000	-7.288523e-09
76.544000	-6.000215e-09
76.545000	-3.101521e-09
76.546000	-3.101521e-09
76.547000	-2.135289e-09
76.548000	-1.491135e-09
76.549000	-5.249038e-10
76.550000	-3.101521e-09
76.551000	-1.169058e-09
76.552000	-5.249038e-10
76.553000	-8.469809e-10
76.554000	-2.457366e-09
76.555000	-1.813212e-09
76.556000	-8.469809e-10
76.557000	-3.745675e-09
76.558000	-3.423598e-09
76.559000	-2.457366e-09
76.560000	-1.491135e-09
76.561000	-2.779444e-09
76.562000	-4.711906e-09
76.563000	-6.000215e-09
76.564000	-7.288523e-09
76.565000	-4.711906e-09
76.566000	-5.678137e-09
76.567000	-6.966446e-09
76.568000	-5.678137e-09
76.569000	-8.576831e-09
76.570000	-5.033983e-09
76.571000	-3.423598e-09
76.572000	-2.028267e-10
76.573000	-8.469809e-10
76.574000	-2.457366e-09
76.575000	-2.457366e-09
76.576000	-1.813212e-09
76.577000	-5.033983e-09
76.578000	-4.389829e-09
76.579000	-4.067752e-09
76.580000	-4.711906e-09
76.581000	-5.033983e-09
76.582000	-3.745675e-09
76.583000	-5.033983e-09
76.584000	-4.711906e-09
76.585000	-4.067752e-09
76.586000	-4.389829e-09
76.587000	-2.457366e-09
76.588000	-4.389829e-09
76.589000	-4.067752e-09
76.590000	-5.35606e-09
76.591000	-5.35606e-09
76.592000	-4.711906e-09
76.593000	-2.457366e-09
76.594000	-5.249038e-10
76.595000	-2.457366e-09
76.596000	-1.169058e-09
76.597000	-2.457366e-09
76.598000	-3.101521e-09
76.599000	-3.423598e-09
76.600000	-3.101521e-09
76.601000	-4.389829e-09
76.602000	-6.000215e-09
76.603000	-6.000215e-09
76.604000	-5.033983e-09
76.605000	-2.457366e-09
76.606000	-6.000215e-09
76.607000	-2.135289e-09
76.608000	-8.469809e-10
76.609000	-1.813212e-09
76.610000	-2.457366e-09
76.611000	-2.135289e-09
76.612000	-2.135289e-09
76.613000	-1.491135e-09
76.614000	1.192504e-10
76.615000	-2.135289e-09
76.616000	-2.028267e-10
76.617000	-1.169058e-09
76.618000	-1.491135e-09
76.619000	-1.813212e-09
76.620000	1.192504e-10
76.621000	-8.469809e-10
76.622000	-2.457366e-09
76.623000	-4.711906e-09
76.624000	-5.35606e-09
76.625000	-3.745675e-09
76.626000	-6.000215e-09
76.627000	-6.644369e-09
76.628000	-4.389829e-09
76.629000	-5.678137e-09
76.630000	-3.101521e-09
76.631000	-2.135289e-09
76.632000	-1.813212e-09
76.633000	-5.033983e-09
76.634000	-5.249038e-10
76.635000	-3.745675e-09
76.636000	-3.745675e-09
76.637000	-5.033983e-09
76.638000	-6.000215e-09
76.639000	-3.423598e-09
76.640000	-4.711906e-09
76.641000	-5.033983e-09
76.642000	-4.389829e-09
76.643000	-5.35606e-09
76.644000	-5.35606e-09
76.645000	-4.389829e-09
76.646000	-3.745675e-09
76.647000	-4.389829e-09
76.648000	-2.779444e-09
76.649000	-4.389829e-09
76.650000	-5.033983e-09
76.651000	-4.389829e-09
76.652000	-5.35606e-09
76.653000	-1.491135e-09
76.654000	-1.169058e-09
76.655000	-1.813212e-09
76.656000	-1.169058e-09
76.657000	-1.813212e-09
76.658000	-2.135289e-09
76.659000	-2.779444e-09
76.660000	-1.491135e-09
76.661000	-4.389829e-09
76.662000	-5.678137e-09
76.663000	-6.322292e-09
76.664000	-4.067752e-09
76.665000	-4.067752e-09
76.666000	-2.135289e-09
76.667000	-1.491135e-09
76.668000	-1.813212e-09
76.669000	-2.135289e-09
76.670000	-2.457366e-09
76.671000	-1.813212e-09
76.672000	-2.779444e-09
76.673000	-2.135289e-09
76.674000	-1.491135e-09
76.675000	-3.423598e-09
76.676000	-1.813212e-09
76.677000	-8.469809e-10
76.678000	-2.457366e-09
76.679000	-1.491135e-09
76.680000	-1.491135e-09
76.681000	-1.491135e-09
76.682000	-3.423598e-09
76.683000	-3.745675e-09
76.684000	-3.745675e-09
76.685000	-2.779444e-09
76.686000	-5.033983e-09
76.687000	-7.6106e-09
76.688000	-7.288523e-09
76.689000	-3.423598e-09
76.690000	-4.067752e-09
76.691000	-1.169058e-09
76.692000	-8.469809e-10
76.693000	-2.457366e-09
76.694000	-3.101521e-09
76.695000	-5.678137e-09
76.696000	-4.711906e-09
76.697000	-5.678137e-09
76.698000	-6.000215e-09
76.699000	-6.000215e-09
76.700000	-5.35606e-09
76.701000	-8.254754e-09
76.702000	-5.033983e-09
76.703000	-4.711906e-09
76.704000	-4.711906e-09
76.705000	-3.745675e-09
76.706000	-4.711906e-09
76.707000	-6.000215e-09
76.708000	-3.423598e-09
76.709000	-3.423598e-09
76.710000	-3.423598e-09
76.711000	-4.389829e-09
76.712000	-3.101521e-09
76.713000	-1.813212e-09
76.714000	-5.678137e-09
76.715000	-1.491135e-09
76.716000	-8.469809e-10
76.717000	1.192504e-10
76.718000	-1.169058e-09
76.719000	-1.169058e-09
76.720000	-2.135289e-09
76.721000	-2.135289e-09
76.722000	-3.423598e-09
76.723000	-5.033983e-09
76.724000	-3.745675e-09
76.725000	-2.457366e-09
76.726000	-1.169058e-09
76.727000	-2.779444e-09
76.728000	-1.169058e-09
76.729000	-1.813212e-09
76.730000	-5.249038e-10
76.731000	-3.101521e-09
76.732000	-2.135289e-09
76.733000	-1.491135e-09
76.734000	-8.469809e-10
76.735000	-2.457366e-09
76.736000	-3.423598e-09
76.737000	-6.000215e-09
76.738000	-4.711906e-09
76.739000	-4.067752e-09
76.740000	-4.389829e-09
76.741000	-1.491135e-09
76.742000	-2.779444e-09
76.743000	-5.033983e-09
76.744000	-6.000215e-09
76.745000	-4.067752e-09
76.746000	-5.033983e-09
76.747000	-7.6106e-09
76.748000	-5.678137e-09
76.749000	-5.678137e-09
76.750000	-5.033983e-09
76.751000	-4.711906e-09
76.752000	-2.779444e-09
76.753000	-1.813212e-09
76.754000	-1.813212e-09
76.755000	-3.101521e-09
76.756000	-3.101521e-09
76.757000	-2.135289e-09
76.758000	-4.389829e-09
76.759000	-4.389829e-09
76.760000	-4.067752e-09
76.761000	-3.745675e-09
76.762000	-5.033983e-09
76.763000	-4.067752e-09
76.764000	-4.711906e-09
76.765000	-2.135289e-09
76.766000	-1.491135e-09
76.767000	-2.135289e-09
76.768000	-1.169058e-09
76.769000	-2.457366e-09
76.770000	-6.644369e-09
76.771000	-2.779444e-09
76.772000	-2.457366e-09
76.773000	-1.813212e-09
76.774000	-2.779444e-09
76.775000	-2.779444e-09
76.776000	-1.813212e-09
76.777000	1.192504e-10
76.778000	-2.135289e-09
76.779000	-1.813212e-09
76.780000	-2.135289e-09
76.781000	-1.491135e-09
76.782000	-3.423598e-09
76.783000	-4.711906e-09
76.784000	-3.745675e-09
76.785000	-4.389829e-09
76.786000	-4.389829e-09
76.787000	-3.745675e-09
76.788000	-1.491135e-09
