***End_of_Header***
Time	Voltage
22.214000	-3.423598e-09
22.215000	-5.033983e-09
22.216000	-4.389829e-09
22.217000	-3.423598e-09
22.218000	-1.491135e-09
22.219000	-3.101521e-09
22.220000	-1.491135e-09
22.221000	-3.423598e-09
22.222000	-2.457366e-09
22.223000	-2.779444e-09
22.224000	-6.644369e-09
22.225000	-4.711906e-09
22.226000	-6.322292e-09
22.227000	-3.101521e-09
22.228000	-3.423598e-09
22.229000	-4.389829e-09
22.230000	-3.101521e-09
22.231000	-4.711906e-09
22.232000	-3.101521e-09
22.233000	-4.711906e-09
22.234000	-3.101521e-09
22.235000	-3.745675e-09
22.236000	-2.779444e-09
22.237000	-3.101521e-09
22.238000	-3.423598e-09
22.239000	-2.779444e-09
22.240000	-4.067752e-09
22.241000	-1.491135e-09
22.242000	-3.101521e-09
22.243000	-1.813212e-09
22.244000	-1.813212e-09
22.245000	-2.135289e-09
22.246000	-2.779444e-09
22.247000	-1.813212e-09
22.248000	-2.457366e-09
22.249000	-1.813212e-09
22.250000	-1.813212e-09
22.251000	-2.457366e-09
22.252000	-3.423598e-09
22.253000	-3.745675e-09
22.254000	-4.711906e-09
22.255000	-3.745675e-09
22.256000	-1.813212e-09
22.257000	-3.745675e-09
22.258000	-2.135289e-09
22.259000	-2.779444e-09
22.260000	-6.644369e-09
22.261000	-2.135289e-09
22.262000	7.634046e-10
22.263000	1.139195e-08
22.264000	1.656669e-07
22.265000	1.170332e-07
22.266000	9.158915e-08
22.267000	7.935022e-08
22.268000	7.226452e-08
22.269000	6.678921e-08
22.270000	6.582298e-08
22.271000	5.873728e-08
22.272000	5.29399e-08
22.273000	4.778666e-08
22.274000	4.005681e-08
22.275000	3.45815e-08
22.276000	3.071658e-08
22.277000	2.395296e-08
22.278000	1.944388e-08
22.279000	1.654518e-08
22.280000	1.171403e-08
22.281000	8.493255e-09
22.282000	6.238715e-09
22.283000	1.396857e-08
22.284000	1.91218e-08
22.285000	2.073218e-08
22.286000	2.008803e-08
22.287000	2.073218e-08
22.288000	2.073218e-08
22.289000	2.137634e-08
22.290000	1.91218e-08
22.291000	2.041011e-08
22.292000	1.879972e-08
22.293000	1.815557e-08
22.294000	1.847765e-08
22.295000	1.751141e-08
22.296000	1.783349e-08
22.297000	1.590103e-08
22.298000	1.332441e-08
22.299000	1.557895e-08
22.300000	1.525687e-08
22.301000	1.718934e-08
22.302000	1.718934e-08
22.303000	2.073218e-08
22.304000	2.008803e-08
22.305000	2.234257e-08
22.306000	2.073218e-08
22.307000	2.073218e-08
22.308000	1.944388e-08
22.309000	1.751141e-08
22.310000	1.944388e-08
22.311000	2.202049e-08
22.312000	2.041011e-08
22.313000	1.91218e-08
22.314000	1.332441e-08
22.315000	1.815557e-08
22.316000	1.815557e-08
22.317000	1.622311e-08
22.318000	1.461272e-08
22.319000	1.461272e-08
22.320000	1.268026e-08
22.321000	9.781563e-09
22.322000	1.235818e-08
22.323000	1.686726e-08
22.324000	1.91218e-08
22.325000	2.266465e-08
22.326000	2.459711e-08
22.327000	2.910619e-08
22.328000	2.880562e-07
22.329000	1.666331e-07
22.330000	7.419698e-08
22.331000	3.909058e-08
22.332000	2.588542e-08
22.333000	2.008803e-08
22.334000	2.041011e-08
22.335000	1.91218e-08
22.336000	2.041011e-08
22.337000	2.073218e-08
22.338000	2.105426e-08
22.339000	1.944388e-08
22.340000	1.944388e-08
22.341000	1.944388e-08
22.342000	1.91218e-08
22.343000	2.137634e-08
22.344000	2.137634e-08
22.345000	1.976595e-08
22.346000	1.815557e-08
22.347000	1.751141e-08
22.348000	1.461272e-08
22.349000	1.268026e-08
22.350000	9.781563e-09
22.351000	9.781563e-09
22.352000	1.106987e-08
22.353000	8.171178e-09
22.354000	1.010364e-08
22.355000	7.849101e-09
22.356000	8.171178e-09
22.357000	6.88287e-09
22.358000	7.204947e-09
22.359000	7.849101e-09
22.360000	4.62833e-09
22.361000	3.017944e-09
22.362000	1.729636e-09
22.363000	2.695867e-09
22.364000	1.729636e-09
22.365000	2.051713e-09
22.366000	-1.491135e-09
22.367000	-3.423598e-09
22.368000	-4.067752e-09
22.369000	-3.423598e-09
22.370000	-2.135289e-09
22.371000	-2.457366e-09
22.372000	-4.067752e-09
22.373000	-2.779444e-09
22.374000	-2.135289e-09
22.375000	-2.457366e-09
22.376000	-3.745675e-09
22.377000	-2.457366e-09
22.378000	-3.423598e-09
22.379000	-3.423598e-09
22.380000	-4.389829e-09
22.381000	-3.423598e-09
22.382000	-1.491135e-09
22.383000	-3.423598e-09
22.384000	-1.491135e-09
22.385000	-2.028267e-10
22.386000	-2.028267e-10
22.387000	-1.491135e-09
22.388000	-8.469809e-10
22.389000	-2.135289e-09
22.390000	-1.169058e-09
22.391000	-3.101521e-09
22.392000	-3.423598e-09
22.393000	-4.067752e-09
22.394000	-3.745675e-09
22.395000	-3.423598e-09
22.396000	-1.813212e-09
22.397000	-4.711906e-09
22.398000	-3.745675e-09
22.399000	-4.711906e-09
22.400000	-5.033983e-09
22.401000	-4.067752e-09
22.402000	-4.389829e-09
22.403000	-4.711906e-09
22.404000	-1.813212e-09
22.405000	-1.813212e-09
22.406000	-2.779444e-09
22.407000	-1.169058e-09
22.408000	-2.457366e-09
22.409000	-2.779444e-09
22.410000	-2.457366e-09
22.411000	-6.644369e-09
22.412000	1.192504e-10
22.413000	-3.101521e-09
22.414000	-4.067752e-09
22.415000	-3.423598e-09
22.416000	-4.711906e-09
22.417000	-2.457366e-09
22.418000	-2.457366e-09
22.419000	-2.135289e-09
22.420000	-3.745675e-09
22.421000	-3.745675e-09
22.422000	-3.423598e-09
22.423000	-4.067752e-09
22.424000	-4.067752e-09
22.425000	-3.423598e-09
22.426000	-5.35606e-09
22.427000	-3.423598e-09
22.428000	-2.135289e-09
22.429000	-3.101521e-09
22.430000	-4.067752e-09
22.431000	-4.389829e-09
22.432000	-4.067752e-09
22.433000	-5.033983e-09
22.434000	-4.711906e-09
22.435000	-4.711906e-09
22.436000	-2.135289e-09
22.437000	-4.067752e-09
22.438000	-4.711906e-09
22.439000	-2.779444e-09
22.440000	-1.813212e-09
22.441000	-2.135289e-09
22.442000	-1.169058e-09
22.443000	-8.469809e-10
22.444000	-3.101521e-09
22.445000	-1.813212e-09
22.446000	-5.033983e-09
22.447000	-2.457366e-09
22.448000	-2.135289e-09
22.449000	-4.389829e-09
22.450000	-4.067752e-09
22.451000	-3.745675e-09
22.452000	-4.389829e-09
22.453000	-6.000215e-09
22.454000	-5.033983e-09
22.455000	-5.033983e-09
22.456000	-2.779444e-09
22.457000	-4.711906e-09
22.458000	-1.813212e-09
22.459000	-2.135289e-09
22.460000	-1.813212e-09
22.461000	-4.711906e-09
22.462000	-5.678137e-09
22.463000	-1.169058e-09
22.464000	-2.779444e-09
22.465000	-2.779444e-09
22.466000	-3.423598e-09
22.467000	-1.813212e-09
22.468000	-4.067752e-09
22.469000	-4.389829e-09
22.470000	-3.745675e-09
22.471000	-4.389829e-09
22.472000	-3.745675e-09
22.473000	-4.389829e-09
22.474000	-4.389829e-09
22.475000	-3.745675e-09
22.476000	-6.000215e-09
22.477000	-5.033983e-09
22.478000	-2.779444e-09
22.479000	-1.491135e-09
22.480000	-6.644369e-09
22.481000	-1.813212e-09
22.482000	-5.033983e-09
22.483000	-2.457366e-09
22.484000	-1.491135e-09
22.485000	-1.169058e-09
22.486000	-1.813212e-09
22.487000	-1.491135e-09
22.488000	-2.779444e-09
22.489000	-2.457366e-09
22.490000	-1.813212e-09
22.491000	-2.779444e-09
22.492000	-3.101521e-09
22.493000	-2.779444e-09
22.494000	-4.067752e-09
22.495000	-6.966446e-09
22.496000	-3.101521e-09
22.497000	-4.389829e-09
22.498000	-3.745675e-09
22.499000	-4.389829e-09
22.500000	-4.711906e-09
22.501000	-5.35606e-09
22.502000	-4.067752e-09
22.503000	-4.711906e-09
22.504000	-4.711906e-09
22.505000	-2.135289e-09
22.506000	-2.779444e-09
22.507000	-2.457366e-09
22.508000	-2.135289e-09
22.509000	-3.745675e-09
22.510000	-5.249038e-10
22.511000	-1.813212e-09
22.512000	-1.491135e-09
22.513000	-1.813212e-09
22.514000	-3.745675e-09
22.515000	-2.457366e-09
22.516000	-4.067752e-09
22.517000	-4.067752e-09
22.518000	-5.033983e-09
22.519000	-4.711906e-09
22.520000	-4.711906e-09
22.521000	-3.745675e-09
22.522000	-3.423598e-09
22.523000	-2.779444e-09
22.524000	-1.813212e-09
22.525000	-3.101521e-09
22.526000	-1.491135e-09
22.527000	-1.169058e-09
22.528000	-3.423598e-09
22.529000	-3.745675e-09
22.530000	-3.101521e-09
22.531000	-4.389829e-09
22.532000	-4.067752e-09
22.533000	-5.35606e-09
22.534000	-4.711906e-09
22.535000	-5.678137e-09
22.536000	-4.711906e-09
22.537000	-5.678137e-09
22.538000	-6.322292e-09
22.539000	-4.389829e-09
22.540000	-3.101521e-09
22.541000	-3.423598e-09
22.542000	-3.101521e-09
22.543000	-1.491135e-09
22.544000	-1.169058e-09
22.545000	-8.469809e-10
22.546000	-2.457366e-09
22.547000	-5.249038e-10
22.548000	-1.169058e-09
22.549000	-2.135289e-09
22.550000	-2.779444e-09
22.551000	-2.028267e-10
22.552000	-4.389829e-09
22.553000	-3.423598e-09
22.554000	-2.457366e-09
22.555000	-4.067752e-09
22.556000	-4.711906e-09
22.557000	-3.745675e-09
22.558000	-2.779444e-09
22.559000	-2.135289e-09
22.560000	-2.457366e-09
22.561000	-3.101521e-09
22.562000	-4.389829e-09
22.563000	-2.135289e-09
22.564000	-2.135289e-09
22.565000	-2.457366e-09
22.566000	-1.169058e-09
22.567000	-3.745675e-09
22.568000	-2.135289e-09
22.569000	-5.033983e-09
22.570000	-4.711906e-09
22.571000	-4.389829e-09
22.572000	-4.067752e-09
22.573000	-4.389829e-09
22.574000	-4.711906e-09
22.575000	-5.678137e-09
22.576000	-4.389829e-09
22.577000	-4.067752e-09
22.578000	-4.389829e-09
22.579000	-1.169058e-09
22.580000	-2.135289e-09
22.581000	-3.423598e-09
22.582000	-2.779444e-09
22.583000	-5.249038e-10
22.584000	-1.169058e-09
22.585000	-2.135289e-09
22.586000	-1.169058e-09
22.587000	-1.491135e-09
22.588000	-3.745675e-09
22.589000	-4.711906e-09
22.590000	-3.423598e-09
22.591000	-5.35606e-09
22.592000	-5.35606e-09
22.593000	-3.101521e-09
22.594000	-3.745675e-09
22.595000	-4.389829e-09
22.596000	-3.745675e-09
22.597000	-2.779444e-09
22.598000	-1.813212e-09
22.599000	-1.491135e-09
22.600000	-3.101521e-09
22.601000	-3.101521e-09
22.602000	-4.389829e-09
22.603000	-2.135289e-09
22.604000	-1.491135e-09
22.605000	-2.457366e-09
22.606000	-4.067752e-09
22.607000	-2.135289e-09
22.608000	-2.779444e-09
22.609000	-3.423598e-09
22.610000	-1.491135e-09
22.611000	-4.067752e-09
22.612000	-4.067752e-09
22.613000	-3.101521e-09
