***End_of_Header***
Time	Voltage
26.954000	-2.779444e-09
26.955000	-1.491135e-09
26.956000	-4.389829e-09
26.957000	-3.745675e-09
26.958000	-5.033983e-09
26.959000	-4.711906e-09
26.960000	-6.000215e-09
26.961000	-5.033983e-09
26.962000	-4.711906e-09
26.963000	-4.067752e-09
26.964000	-5.678137e-09
26.965000	-4.067752e-09
26.966000	-2.779444e-09
26.967000	-3.101521e-09
26.968000	-3.745675e-09
26.969000	-1.813212e-09
26.970000	-8.469809e-10
26.971000	-1.169058e-09
26.972000	1.085482e-09
26.973000	-1.169058e-09
26.974000	-3.101521e-09
26.975000	-2.135289e-09
26.976000	-2.779444e-09
26.977000	-3.745675e-09
26.978000	-3.423598e-09
26.979000	-4.067752e-09
26.980000	-1.169058e-09
26.981000	-6.322292e-09
26.982000	-4.389829e-09
26.983000	-4.067752e-09
26.984000	-3.423598e-09
26.985000	-2.779444e-09
26.986000	-2.457366e-09
26.987000	-6.000215e-09
26.988000	-2.779444e-09
26.989000	-5.249038e-10
26.990000	-2.457366e-09
26.991000	-1.813212e-09
26.992000	-3.101521e-09
26.993000	-4.711906e-09
26.994000	-2.457366e-09
26.995000	-5.35606e-09
26.996000	-3.101521e-09
26.997000	-4.067752e-09
26.998000	-2.779444e-09
26.999000	-4.067752e-09
27.000000	-1.813212e-09
27.001000	1.192504e-10
27.002000	-5.249038e-10
27.003000	1.407559e-09
27.004000	1.798383e-07
27.005000	1.347475e-07
27.006000	1.009294e-07
27.007000	8.708007e-08
27.008000	7.806191e-08
27.009000	7.451906e-08
27.010000	6.743336e-08
27.011000	5.970351e-08
27.012000	5.616067e-08
27.013000	5.036328e-08
27.014000	4.714251e-08
27.015000	4.102304e-08
27.016000	3.554773e-08
27.017000	2.975034e-08
27.018000	2.395296e-08
27.019000	1.751141e-08
27.020000	9.781563e-09
27.021000	2.37379e-09
27.022000	1.085482e-09
27.023000	1.268026e-08
27.024000	1.847765e-08
27.025000	2.169842e-08
27.026000	2.105426e-08
27.027000	2.105426e-08
27.028000	2.041011e-08
27.029000	1.91218e-08
27.030000	1.783349e-08
27.031000	1.074779e-08
27.032000	1.622311e-08
27.033000	1.654518e-08
27.034000	1.557895e-08
27.035000	1.268026e-08
27.036000	1.461272e-08
27.037000	1.590103e-08
27.038000	1.718934e-08
27.039000	1.686726e-08
27.040000	1.622311e-08
27.041000	1.751141e-08
27.042000	1.654518e-08
27.043000	1.718934e-08
27.044000	1.525687e-08
27.045000	1.686726e-08
27.046000	1.879972e-08
27.047000	1.686726e-08
27.048000	2.105426e-08
27.049000	1.976595e-08
27.050000	1.91218e-08
27.051000	1.815557e-08
27.052000	1.751141e-08
27.053000	1.847765e-08
27.054000	1.91218e-08
27.055000	1.847765e-08
27.056000	1.91218e-08
27.057000	1.654518e-08
27.058000	1.622311e-08
27.059000	1.429064e-08
27.060000	1.622311e-08
27.061000	1.879972e-08
27.062000	1.686726e-08
27.063000	2.041011e-08
27.064000	1.847765e-08
27.065000	1.879972e-08
27.066000	1.944388e-08
27.067000	2.169842e-08
27.068000	8.450345e-08
27.069000	2.133343e-07
27.070000	9.126707e-08
27.071000	4.359966e-08
27.072000	2.524126e-08
27.073000	1.847765e-08
27.074000	1.590103e-08
27.075000	1.106987e-08
27.076000	7.527024e-09
27.077000	6.238715e-09
27.078000	7.527024e-09
27.079000	8.171178e-09
27.080000	1.010364e-08
27.081000	7.204947e-09
27.082000	1.042572e-08
27.083000	1.106987e-08
27.084000	1.074779e-08
27.085000	1.171403e-08
27.086000	1.20361e-08
27.087000	1.300233e-08
27.088000	1.300233e-08
27.089000	1.364649e-08
27.090000	1.364649e-08
27.091000	1.429064e-08
27.092000	9.137409e-09
27.093000	1.171403e-08
27.094000	9.781563e-09
27.095000	7.849101e-09
27.096000	5.916638e-09
27.097000	5.594561e-09
27.098000	6.238715e-09
27.099000	5.916638e-09
27.100000	4.62833e-09
27.101000	2.695867e-09
27.102000	5.594561e-09
27.103000	7.204947e-09
27.104000	6.88287e-09
27.105000	6.88287e-09
27.106000	6.238715e-09
27.107000	7.204947e-09
27.108000	6.560792e-09
27.109000	5.272484e-09
27.110000	3.984176e-09
27.111000	2.37379e-09
27.112000	1.192504e-10
27.113000	2.695867e-09
27.114000	-8.469809e-10
27.115000	-2.457366e-09
27.116000	-1.491135e-09
27.117000	-1.491135e-09
27.118000	-2.135289e-09
27.119000	-3.423598e-09
27.120000	-8.469809e-10
27.121000	-3.423598e-09
27.122000	-2.779444e-09
27.123000	-2.135289e-09
27.124000	-1.813212e-09
27.125000	-5.249038e-10
27.126000	-2.457366e-09
27.127000	-8.469809e-10
27.128000	1.192504e-10
27.129000	-8.469809e-10
27.130000	-2.135289e-09
27.131000	-8.469809e-10
27.132000	1.192504e-10
27.133000	2.37379e-09
27.134000	-2.779444e-09
27.135000	-3.101521e-09
27.136000	-3.423598e-09
27.137000	-4.711906e-09
27.138000	-5.35606e-09
27.139000	-3.745675e-09
27.140000	-4.711906e-09
27.141000	-5.678137e-09
27.142000	-4.067752e-09
27.143000	-3.745675e-09
27.144000	-4.067752e-09
27.145000	-3.423598e-09
27.146000	-2.135289e-09
27.147000	-3.101521e-09
27.148000	-2.457366e-09
27.149000	-2.135289e-09
27.150000	-2.779444e-09
27.151000	-1.813212e-09
27.152000	-2.028267e-10
27.153000	7.634046e-10
27.154000	-5.249038e-10
27.155000	-8.576831e-09
27.156000	-3.745675e-09
27.157000	-3.745675e-09
27.158000	-3.745675e-09
27.159000	-3.423598e-09
27.160000	-4.067752e-09
27.161000	-4.067752e-09
27.162000	-1.491135e-09
27.163000	-3.745675e-09
27.164000	-4.389829e-09
27.165000	-1.813212e-09
27.166000	-3.101521e-09
27.167000	-2.457366e-09
27.168000	-1.813212e-09
27.169000	-3.423598e-09
27.170000	-3.423598e-09
27.171000	-2.779444e-09
27.172000	-4.389829e-09
27.173000	-4.389829e-09
27.174000	-4.067752e-09
27.175000	-7.6106e-09
27.176000	-5.678137e-09
27.177000	-4.711906e-09
27.178000	-9.220986e-09
27.179000	-3.745675e-09
27.180000	-3.101521e-09
27.181000	-2.457366e-09
27.182000	-1.491135e-09
27.183000	-2.457366e-09
27.184000	-1.813212e-09
27.185000	-1.813212e-09
27.186000	-1.491135e-09
27.187000	-4.711906e-09
27.188000	-2.028267e-10
27.189000	-3.101521e-09
27.190000	-2.457366e-09
27.191000	-4.389829e-09
27.192000	-5.033983e-09
27.193000	-3.101521e-09
27.194000	-5.033983e-09
27.195000	-4.711906e-09
27.196000	-6.322292e-09
27.197000	-4.711906e-09
27.198000	-4.389829e-09
27.199000	-5.678137e-09
27.200000	-3.423598e-09
27.201000	-1.169058e-09
27.202000	-2.135289e-09
27.203000	-1.169058e-09
27.204000	-1.491135e-09
27.205000	-1.813212e-09
27.206000	-1.491135e-09
27.207000	-2.457366e-09
27.208000	-1.813212e-09
27.209000	-1.813212e-09
27.210000	-4.389829e-09
27.211000	-3.101521e-09
27.212000	-3.423598e-09
27.213000	-5.033983e-09
27.214000	-4.389829e-09
27.215000	-4.389829e-09
27.216000	-5.678137e-09
27.217000	-3.101521e-09
27.218000	-4.067752e-09
27.219000	-4.711906e-09
27.220000	-2.457366e-09
27.221000	-2.457366e-09
27.222000	-2.135289e-09
27.223000	-2.457366e-09
27.224000	-2.457366e-09
27.225000	-1.491135e-09
27.226000	-8.469809e-10
27.227000	-1.169058e-09
27.228000	-1.169058e-09
27.229000	-4.067752e-09
27.230000	-2.457366e-09
27.231000	-2.457366e-09
27.232000	-2.457366e-09
27.233000	-3.101521e-09
27.234000	-3.101521e-09
27.235000	-7.6106e-09
27.236000	-4.389829e-09
27.237000	-4.067752e-09
27.238000	-3.745675e-09
27.239000	-4.711906e-09
27.240000	-3.745675e-09
27.241000	-2.779444e-09
27.242000	-4.711906e-09
27.243000	-2.779444e-09
27.244000	-4.711906e-09
27.245000	-3.745675e-09
27.246000	-3.745675e-09
27.247000	-6.644369e-09
27.248000	-2.135289e-09
27.249000	-2.457366e-09
27.250000	-2.779444e-09
27.251000	-8.469809e-10
27.252000	-2.135289e-09
27.253000	-3.745675e-09
27.254000	-3.101521e-09
27.255000	-1.813212e-09
27.256000	-4.067752e-09
27.257000	-1.491135e-09
27.258000	-4.067752e-09
27.259000	-4.067752e-09
27.260000	-4.067752e-09
27.261000	-4.067752e-09
27.262000	-4.711906e-09
27.263000	-2.779444e-09
27.264000	-4.389829e-09
27.265000	-2.779444e-09
27.266000	-1.491135e-09
27.267000	-2.135289e-09
27.268000	-1.491135e-09
27.269000	-4.711906e-09
27.270000	-3.745675e-09
27.271000	-8.469809e-10
27.272000	-1.169058e-09
27.273000	-1.491135e-09
27.274000	-2.457366e-09
27.275000	-1.169058e-09
27.276000	-4.711906e-09
27.277000	-4.389829e-09
27.278000	-4.389829e-09
27.279000	-4.067752e-09
27.280000	-2.779444e-09
27.281000	-5.033983e-09
27.282000	-5.35606e-09
27.283000	-6.644369e-09
27.284000	-5.35606e-09
27.285000	-5.678137e-09
27.286000	-3.745675e-09
27.287000	-1.813212e-09
27.288000	-2.457366e-09
27.289000	-2.779444e-09
27.290000	-2.457366e-09
27.291000	-1.813212e-09
27.292000	-8.469809e-10
27.293000	-2.779444e-09
27.294000	-2.779444e-09
27.295000	-2.135289e-09
27.296000	-2.135289e-09
27.297000	-3.423598e-09
27.298000	-5.678137e-09
27.299000	-3.745675e-09
27.300000	-4.067752e-09
27.301000	-4.389829e-09
27.302000	-4.389829e-09
27.303000	-3.101521e-09
27.304000	-4.389829e-09
27.305000	-4.711906e-09
27.306000	-2.457366e-09
27.307000	-2.779444e-09
27.308000	-8.469809e-10
27.309000	-8.469809e-10
27.310000	-2.457366e-09
27.311000	-8.469809e-10
27.312000	-3.101521e-09
27.313000	-2.779444e-09
27.314000	-3.423598e-09
27.315000	-3.745675e-09
27.316000	-4.389829e-09
27.317000	-4.067752e-09
27.318000	-4.711906e-09
27.319000	-5.033983e-09
27.320000	-3.423598e-09
27.321000	-6.644369e-09
27.322000	-2.779444e-09
27.323000	-4.067752e-09
27.324000	-3.745675e-09
27.325000	-1.813212e-09
27.326000	-2.135289e-09
27.327000	-1.169058e-09
27.328000	-2.457366e-09
27.329000	-2.135289e-09
27.330000	-2.457366e-09
27.331000	-2.779444e-09
27.332000	-1.491135e-09
27.333000	-1.491135e-09
27.334000	-8.469809e-10
27.335000	-2.779444e-09
27.336000	-3.423598e-09
27.337000	-3.423598e-09
27.338000	-5.033983e-09
27.339000	-4.389829e-09
27.340000	-4.067752e-09
27.341000	-3.423598e-09
27.342000	-2.135289e-09
27.343000	-4.067752e-09
27.344000	-3.745675e-09
27.345000	-3.423598e-09
27.346000	-3.101521e-09
27.347000	-3.101521e-09
27.348000	-2.135289e-09
27.349000	-2.457366e-09
27.350000	-2.135289e-09
27.351000	-3.423598e-09
27.352000	-5.033983e-09
27.353000	-4.067752e-09
