***End_of_Header***
Time	Voltage
17.117000	2.37379e-10
17.118000	2.051713e-10
17.119000	1.407559e-10
17.120000	1.085482e-10
17.121000	3.340021e-10
17.122000	3.017944e-10
17.123000	1.085482e-10
17.124000	1.407559e-10
17.125000	-5.249038e-11
17.126000	-6.644369e-10
17.127000	-8.254754e-10
17.128000	-6.644369e-10
17.129000	-5.35606e-10
17.130000	-7.6106e-10
17.131000	-8.898909e-10
17.132000	-7.6106e-10
17.133000	-6.000215e-10
17.134000	-1.169058e-10
17.135000	-1.491135e-10
17.136000	2.695867e-10
17.137000	2.051713e-10
17.138000	4.62833e-10
17.139000	7.634046e-11
17.140000	2.695867e-10
17.141000	3.662099e-10
17.142000	2.695867e-10
17.143000	1.192504e-11
17.144000	-3.423598e-10
17.145000	-2.779444e-10
17.146000	-6.966446e-10
17.147000	-7.6106e-10
17.148000	-7.932677e-10
17.149000	-6.644369e-10
17.150000	-7.6106e-10
17.151000	-9.220986e-10
17.152000	-8.898909e-10
17.153000	-6.322292e-10
17.154000	-4.389829e-10
17.155000	-2.779444e-10
17.156000	1.407559e-10
17.157000	1.407559e-10
17.158000	4.62833e-10
17.159000	4.950407e-10
17.160000	5.272484e-10
17.161000	3.662099e-10
17.162000	4.413275e-11
17.163000	1.192504e-11
17.164000	1.389345e-08
17.165000	2.236408e-08
17.166000	2.800043e-08
17.167000	3.29282e-08
17.168000	3.547261e-08
17.169000	3.714742e-08
17.170000	3.83391e-08
17.171000	3.91765e-08
17.172000	3.956299e-08
17.173000	3.982065e-08
17.174000	3.95952e-08
17.175000	3.663209e-08
17.176000	3.502171e-08
17.177000	3.334691e-08
17.178000	3.044821e-08
17.179000	2.481186e-08
17.180000	2.600355e-08
17.181000	3.112457e-08
17.182000	3.518274e-08
17.183000	3.808144e-08
17.184000	3.943416e-08
17.185000	3.943416e-08
17.186000	3.914429e-08
17.187000	3.87578e-08
17.188000	3.79204e-08
17.189000	3.721183e-08
17.190000	3.556924e-08
17.191000	3.389444e-08
17.192000	3.151107e-08
17.193000	2.851575e-08
17.194000	2.577809e-08
17.195000	2.217083e-08
17.196000	1.907889e-08
17.197000	1.647007e-08
17.198000	1.473085e-08
17.199000	1.321709e-08
17.200000	1.199319e-08
17.201000	1.170332e-08
17.202000	1.134904e-08
17.203000	1.03506e-08
17.204000	9.738654e-09
17.205000	9.448784e-09
17.206000	8.450345e-09
17.207000	7.709568e-09
17.208000	7.129829e-09
17.209000	6.872167e-09
17.210000	6.517883e-09
17.211000	6.324636e-09
17.212000	5.841521e-09
17.213000	5.680482e-09
17.214000	5.873728e-09
17.215000	6.066975e-09
17.216000	6.775544e-09
17.217000	6.485675e-09
17.218000	6.389052e-09
17.219000	5.970351e-09
17.220000	5.680482e-09
17.221000	5.326197e-09
17.222000	5.00412e-09
17.223000	4.682043e-09
17.224000	3.941266e-09
17.225000	3.490358e-09
17.226000	2.74958e-09
17.227000	2.363088e-09
17.228000	1.751141e-09
17.229000	1.557895e-09
17.230000	1.396857e-09
17.231000	1.590103e-09
17.232000	1.20361e-09
17.233000	1.171403e-09
17.234000	1.235818e-09
17.235000	1.106987e-09
17.236000	1.268026e-09
17.237000	1.49348e-09
17.238000	1.49348e-09
17.239000	1.654518e-09
17.240000	1.429064e-09
17.241000	9.459486e-10
17.242000	1.074779e-09
17.243000	1.235818e-09
17.244000	1.074779e-09
17.245000	1.074779e-09
17.246000	7.849101e-10
17.247000	6.238715e-10
17.248000	-5.033983e-10
17.249000	4.413275e-11
17.250000	3.017944e-10
17.251000	3.984176e-10
17.252000	1.729636e-10
17.253000	-1.491135e-10
17.254000	2.37379e-10
17.255000	5.594561e-10
17.256000	7.204947e-10
17.257000	8.171178e-10
17.258000	1.235818e-09
17.259000	1.20361e-09
17.260000	1.20361e-09
17.261000	7.204947e-10
17.262000	7.527024e-10
17.263000	8.171178e-10
17.264000	8.815332e-10
17.265000	7.527024e-10
17.266000	5.272484e-10
17.267000	2.695867e-10
17.268000	-1.169058e-10
17.269000	-1.813212e-10
17.270000	-5.35606e-10
17.271000	2.695867e-10
17.272000	3.017944e-10
17.273000	3.984176e-10
17.274000	4.306253e-10
17.275000	-2.028267e-11
17.276000	4.950407e-10
17.277000	4.950407e-10
17.278000	1.010364e-09
17.279000	1.042572e-09
17.280000	8.815332e-10
17.281000	7.527024e-10
17.282000	4.62833e-10
17.283000	3.340021e-10
17.284000	3.017944e-10
17.285000	3.340021e-10
17.286000	1.192504e-11
17.287000	-3.101521e-10
17.288000	-4.067752e-10
17.289000	-3.423598e-10
17.290000	-6.000215e-10
17.291000	-1.169058e-10
17.292000	-2.028267e-11
17.293000	1.085482e-10
17.294000	1.407559e-10
17.295000	1.085482e-10
17.296000	8.493255e-10
17.297000	6.560792e-10
17.298000	7.527024e-10
17.299000	1.010364e-09
17.300000	1.074779e-09
17.301000	5.272484e-10
17.302000	2.695867e-10
17.303000	5.272484e-10
17.304000	1.729636e-10
17.305000	1.407559e-10
17.306000	4.413275e-11
17.307000	2.37379e-10
17.308000	7.634046e-11
17.309000	-2.135289e-10
17.310000	-2.135289e-10
17.311000	-5.249038e-11
17.312000	1.085482e-10
17.313000	4.306253e-10
17.314000	4.306253e-10
17.315000	2.051713e-10
17.316000	5.272484e-10
17.317000	5.594561e-10
17.318000	7.849101e-10
17.319000	1.139195e-09
17.320000	8.815332e-10
17.321000	6.88287e-10
17.322000	3.017944e-10
17.323000	-1.169058e-10
17.324000	1.085482e-10
17.325000	-1.813212e-10
17.326000	-7.288523e-10
17.327000	-2.779444e-10
17.328000	-4.389829e-10
17.329000	-6.322292e-10
17.330000	-9.543063e-10
17.331000	-3.745675e-10
17.332000	-8.576831e-10
17.333000	-8.469809e-11
17.334000	-8.469809e-11
17.335000	-8.469809e-11
17.336000	1.192504e-11
17.337000	1.192504e-11
17.338000	2.695867e-10
17.339000	5.272484e-10
17.340000	1.074779e-09
17.341000	1.042572e-09
17.342000	8.815332e-10
17.343000	7.527024e-10
17.344000	4.950407e-10
17.345000	4.62833e-10
17.346000	-1.813212e-10
17.347000	-3.423598e-10
17.348000	-6.322292e-10
17.349000	-6.644369e-10
17.350000	-3.101521e-10
17.351000	-3.423598e-10
17.352000	-6.000215e-10
17.353000	-5.678137e-10
17.354000	-2.457366e-10
17.355000	-1.813212e-10
17.356000	4.950407e-10
17.357000	5.272484e-10
17.358000	5.916638e-10
17.359000	5.916638e-10
17.360000	6.560792e-10
17.361000	4.306253e-10
17.362000	3.662099e-10
17.363000	3.662099e-10
17.364000	7.634046e-11
17.365000	-2.779444e-10
17.366000	-5.033983e-10
17.367000	-6.000215e-10
17.368000	-6.966446e-10
17.369000	-1.018722e-09
17.370000	-1.018722e-09
17.371000	-6.000215e-10
17.372000	-8.898909e-10
17.373000	-8.898909e-10
17.374000	-4.389829e-10
17.375000	-3.101521e-10
17.376000	7.634046e-11
17.377000	1.729636e-10
17.378000	5.272484e-10
17.379000	3.340021e-10
17.380000	1.729636e-10
17.381000	-2.028267e-11
17.382000	4.306253e-10
17.383000	2.695867e-10
17.384000	1.192504e-11
17.385000	-1.813212e-10
17.386000	-5.678137e-10
17.387000	-8.254754e-10
17.388000	-1.083137e-09
17.389000	-1.018722e-09
17.390000	-7.6106e-10
17.391000	-8.254754e-10
17.392000	-8.254754e-10
17.393000	-9.220986e-10
17.394000	-7.932677e-10
17.395000	-7.932677e-10
17.396000	-2.457366e-10
17.397000	4.413275e-11
17.398000	3.984176e-10
17.399000	3.662099e-10
17.400000	2.695867e-10
17.401000	-2.028267e-11
17.402000	-2.028267e-11
17.403000	1.407559e-10
17.404000	-2.028267e-11
17.405000	-1.169058e-10
17.406000	-6.000215e-10
17.407000	-5.033983e-10
17.408000	-8.254754e-10
17.409000	-1.115345e-09
17.410000	-7.288523e-10
17.411000	-4.389829e-10
17.412000	-5.35606e-10
17.413000	-7.6106e-10
17.414000	7.204947e-10
17.415000	8.815332e-10
17.416000	1.20361e-09
17.417000	7.849101e-10
17.418000	9.781563e-10
17.419000	9.137409e-10
17.420000	3.984176e-10
17.421000	4.413275e-11
17.422000	1.729636e-10
17.423000	3.662099e-10
17.424000	-2.028267e-11
17.425000	2.051713e-10
17.426000	-4.067752e-10
17.427000	-6.644369e-10
17.428000	-8.576831e-10
17.429000	-9.86514e-10
17.430000	-8.576831e-10
17.431000	-4.067752e-10
17.432000	-4.067752e-10
17.433000	-6.322292e-10
17.434000	-6.966446e-10
17.435000	-5.033983e-10
17.436000	4.413275e-11
17.437000	1.407559e-10
17.438000	3.662099e-10
17.439000	4.306253e-10
17.440000	3.984176e-10
17.441000	-2.779444e-10
17.442000	-3.745675e-10
17.443000	3.340021e-10
17.444000	3.662099e-10
17.445000	1.192504e-11
17.446000	-6.322292e-10
17.447000	-6.644369e-10
17.448000	-1.083137e-09
17.449000	-1.340799e-09
17.450000	-6.000215e-10
17.451000	-5.35606e-10
17.452000	-8.254754e-10
17.453000	-9.86514e-10
17.454000	-6.644369e-10
17.455000	-1.050929e-09
17.456000	-2.135289e-10
17.457000	-5.249038e-11
17.458000	3.662099e-10
17.459000	3.017944e-10
17.460000	1.085482e-10
17.461000	3.662099e-10
17.462000	3.662099e-10
17.463000	1.729636e-10
17.464000	-3.101521e-10
17.465000	-3.745675e-10
17.466000	-1.17976e-09
17.467000	-1.17976e-09
17.468000	-1.083137e-09
17.469000	-1.115345e-09
17.470000	-8.254754e-10
17.471000	-1.17976e-09
17.472000	-1.147553e-09
17.473000	-7.288523e-10
17.474000	-3.745675e-10
17.475000	-1.491135e-10
17.476000	4.306253e-10
17.477000	4.306253e-10
17.478000	4.306253e-10
17.479000	4.306253e-10
17.480000	4.62833e-10
17.481000	2.37379e-10
17.482000	4.413275e-11
17.483000	2.695867e-10
17.484000	1.192504e-11
17.485000	-5.249038e-11
17.486000	-7.288523e-10
17.487000	-6.322292e-10
17.488000	-9.543063e-10
17.489000	-1.115345e-09
17.490000	-1.018722e-09
17.491000	-4.067752e-10
17.492000	-5.033983e-10
17.493000	-1.083137e-09
17.494000	-8.576831e-10
17.495000	-6.000215e-10
17.496000	-2.135289e-10
17.497000	4.413275e-11
17.498000	3.984176e-10
17.499000	6.238715e-10
17.500000	3.662099e-10
17.501000	-8.469809e-11
17.502000	-1.169058e-10
17.503000	-2.028267e-11
17.504000	-3.101521e-10
17.505000	-8.469809e-11
17.506000	-4.389829e-10
17.507000	-4.389829e-10
17.508000	-1.050929e-09
17.509000	-1.115345e-09
17.510000	-1.115345e-09
17.511000	-5.678137e-10
17.512000	-3.423598e-10
17.513000	-2.135289e-10
17.514000	-3.423598e-10
17.515000	-4.711906e-10
17.516000	2.051713e-10
