***End_of_Header***
Time	Voltage
15.717000	-3.745675e-10
15.718000	-3.745675e-10
15.719000	-4.711906e-10
15.720000	-5.678137e-10
15.721000	-5.033983e-10
15.722000	-3.423598e-10
15.723000	-2.457366e-10
15.724000	-2.457366e-10
15.725000	-1.169058e-10
15.726000	-2.028267e-11
15.727000	1.407559e-10
15.728000	1.729636e-10
15.729000	-2.028267e-11
15.730000	1.407559e-10
15.731000	1.085482e-10
15.732000	1.085482e-10
15.733000	-2.028267e-11
15.734000	-1.491135e-10
15.735000	-1.813212e-10
15.736000	-2.457366e-10
15.737000	-4.711906e-10
15.738000	-4.067752e-10
15.739000	-4.067752e-10
15.740000	-5.35606e-10
15.741000	-5.033983e-10
15.742000	-2.457366e-10
15.743000	-3.423598e-10
15.744000	-2.135289e-10
15.745000	-2.135289e-10
15.746000	-5.249038e-11
15.747000	1.192504e-11
15.748000	1.085482e-10
15.749000	2.051713e-10
15.750000	1.407559e-10
15.751000	1.085482e-10
15.752000	4.413275e-11
15.753000	-1.169058e-10
15.754000	-1.813212e-10
15.755000	-2.457366e-10
15.756000	-2.779444e-10
15.757000	-3.423598e-10
15.758000	-5.033983e-10
15.759000	-5.35606e-10
15.760000	-3.423598e-10
15.761000	-4.067752e-10
15.762000	-3.101521e-10
15.763000	-2.457366e-10
15.764000	1.192504e-11
15.765000	1.192504e-11
15.766000	4.62833e-10
15.767000	1.096255e-08
15.768000	2.732406e-08
15.769000	3.904767e-08
15.770000	5.125439e-08
15.771000	5.933853e-08
15.772000	6.391202e-08
15.773000	6.629539e-08
15.774000	6.664968e-08
15.775000	6.503929e-08
15.776000	6.236605e-08
15.777000	5.946736e-08
15.778000	5.618217e-08
15.779000	5.312244e-08
15.780000	5.019154e-08
15.781000	4.548921e-08
15.782000	3.988507e-08
15.783000	3.492508e-08
15.784000	3.070587e-08
15.785000	2.603575e-08
15.786000	2.171992e-08
15.787000	2.671212e-08
15.788000	3.782378e-08
15.789000	4.787258e-08
15.790000	5.470062e-08
15.791000	5.956398e-08
15.792000	6.25593e-08
15.793000	6.410527e-08
15.794000	6.552241e-08
15.795000	6.693955e-08
15.796000	6.7165e-08
15.797000	6.568345e-08
15.798000	6.342891e-08
15.799000	6.094891e-08
15.800000	5.766373e-08
15.801000	5.395984e-08
15.802000	5.057803e-08
15.803000	4.735726e-08
15.804000	4.365337e-08
15.805000	3.965962e-08
15.806000	3.589131e-08
15.807000	3.228405e-08
15.808000	2.742069e-08
15.809000	2.365238e-08
15.810000	2.039941e-08
15.811000	1.737188e-08
15.812000	1.379683e-08
15.813000	9.996315e-09
15.814000	7.033206e-09
15.815000	4.714251e-09
15.816000	3.361527e-09
15.817000	2.652957e-09
15.818000	2.395296e-09
15.819000	2.33088e-09
15.820000	2.556334e-09
15.821000	2.813996e-09
15.822000	3.200488e-09
15.823000	3.490358e-09
15.824000	4.070097e-09
15.825000	4.359966e-09
15.826000	4.907497e-09
15.827000	5.358405e-09
15.828000	5.809313e-09
15.829000	6.163598e-09
15.830000	6.453467e-09
15.831000	7.033206e-09
15.832000	7.806191e-09
15.833000	1.801604e-08
15.834000	2.571368e-08
15.835000	2.304044e-08
15.836000	1.923993e-08
15.837000	1.598695e-08
15.838000	1.379683e-08
15.839000	1.189657e-08
15.840000	1.070488e-08
15.841000	9.738654e-09
15.842000	9.255538e-09
15.843000	8.740215e-09
15.844000	8.257099e-09
15.845000	7.838399e-09
15.846000	7.645152e-09
15.847000	7.162037e-09
15.848000	6.807752e-09
15.849000	6.55009e-09
15.850000	6.389052e-09
15.851000	6.195805e-09
15.852000	5.841521e-09
15.853000	5.583859e-09
15.854000	5.390613e-09
15.855000	5.229574e-09
15.856000	5.197366e-09
15.857000	5.165159e-09
15.858000	4.875289e-09
15.859000	4.682043e-09
15.860000	4.424381e-09
15.861000	4.359966e-09
15.862000	4.134512e-09
15.863000	3.87685e-09
15.864000	3.715812e-09
15.865000	3.45815e-09
15.866000	3.297111e-09
15.867000	3.200488e-09
15.868000	2.910619e-09
15.869000	2.588542e-09
15.870000	2.395296e-09
15.871000	2.202049e-09
15.872000	1.751141e-09
15.873000	1.20361e-09
15.874000	9.781563e-10
15.875000	6.560792e-10
15.876000	2.37379e-10
15.877000	1.192504e-11
15.878000	-2.457366e-10
15.879000	-2.779444e-10
15.880000	-3.745675e-10
15.881000	-5.033983e-10
15.882000	-3.423598e-10
15.883000	-3.101521e-10
15.884000	-3.101521e-10
15.885000	-8.469809e-11
15.886000	-5.249038e-11
15.887000	1.407559e-10
15.888000	1.085482e-10
15.889000	2.051713e-10
15.890000	1.085482e-10
15.891000	7.634046e-11
15.892000	1.085482e-10
15.893000	-1.169058e-10
15.894000	-8.469809e-11
15.895000	-1.813212e-10
15.896000	-2.457366e-10
15.897000	-3.423598e-10
15.898000	-4.711906e-10
15.899000	-4.711906e-10
15.900000	-5.678137e-10
15.901000	-3.101521e-10
15.902000	-4.389829e-10
15.903000	-3.423598e-10
15.904000	-2.457366e-10
15.905000	-1.491135e-10
15.906000	-2.135289e-10
15.907000	1.192504e-11
15.908000	1.407559e-10
15.909000	1.085482e-10
15.910000	-2.028267e-11
15.911000	7.634046e-11
15.912000	-5.249038e-11
15.913000	-8.469809e-11
15.914000	-1.813212e-10
15.915000	-2.457366e-10
15.916000	-4.389829e-10
15.917000	-5.35606e-10
15.918000	-6.322292e-10
15.919000	-6.322292e-10
15.920000	-6.322292e-10
15.921000	-5.678137e-10
15.922000	-4.389829e-10
15.923000	-5.35606e-10
15.924000	-1.491135e-10
15.925000	-2.779444e-10
15.926000	-8.469809e-11
15.927000	2.051713e-10
15.928000	1.407559e-10
15.929000	7.634046e-11
15.930000	1.729636e-10
15.931000	7.634046e-11
15.932000	1.407559e-10
15.933000	1.407559e-10
15.934000	5.594561e-10
15.935000	1.010364e-09
15.936000	6.238715e-10
15.937000	1.729636e-10
15.938000	-1.813212e-10
15.939000	-2.779444e-10
15.940000	-4.711906e-10
15.941000	-3.745675e-10
15.942000	-4.067752e-10
15.943000	-3.423598e-10
15.944000	-2.779444e-10
15.945000	-1.491135e-10
15.946000	-8.469809e-11
15.947000	-2.028267e-11
15.948000	1.192504e-11
15.949000	7.634046e-11
15.950000	7.634046e-11
15.951000	-8.469809e-11
15.952000	-1.169058e-10
15.953000	-2.779444e-10
15.954000	-2.779444e-10
15.955000	-2.135289e-10
15.956000	-2.135289e-10
15.957000	-4.067752e-10
15.958000	-5.35606e-10
15.959000	-5.033983e-10
15.960000	-5.35606e-10
15.961000	-5.35606e-10
15.962000	-3.101521e-10
15.963000	-4.067752e-10
15.964000	-2.457366e-10
15.965000	-2.457366e-10
15.966000	-1.169058e-10
15.967000	-5.249038e-11
15.968000	-2.028267e-11
15.969000	1.407559e-10
15.970000	4.413275e-11
15.971000	-2.028267e-11
15.972000	-8.469809e-11
15.973000	-5.249038e-11
15.974000	-2.135289e-10
15.975000	-3.423598e-10
15.976000	-4.389829e-10
15.977000	-5.678137e-10
15.978000	-6.322292e-10
15.979000	-6.644369e-10
15.980000	-6.000215e-10
15.981000	-4.711906e-10
15.982000	-4.067752e-10
15.983000	-4.389829e-10
15.984000	-3.423598e-10
15.985000	-3.101521e-10
15.986000	-8.469809e-11
15.987000	-3.101521e-10
15.988000	1.192504e-11
15.989000	-5.249038e-11
15.990000	-5.249038e-11
15.991000	-5.249038e-11
15.992000	-8.469809e-11
15.993000	-1.813212e-10
15.994000	-4.067752e-10
15.995000	-4.389829e-10
15.996000	-3.423598e-10
15.997000	-5.35606e-10
15.998000	-6.644369e-10
15.999000	-6.322292e-10
16.000000	-5.678137e-10
16.001000	-4.389829e-10
16.002000	-4.389829e-10
16.003000	-3.423598e-10
16.004000	-3.423598e-10
16.005000	-2.779444e-10
16.006000	-2.457366e-10
16.007000	7.634046e-11
16.008000	7.634046e-11
16.009000	4.413275e-11
16.010000	1.192504e-11
16.011000	-1.169058e-10
16.012000	-1.813212e-10
16.013000	-2.779444e-10
16.014000	-2.457366e-10
16.015000	-3.423598e-10
16.016000	-5.033983e-10
