***End_of_Header***
Time	Voltage
13.246000	-5.033983e-09
13.247000	-4.389829e-09
13.248000	-6.000215e-09
13.249000	-3.423598e-09
13.250000	-1.813212e-09
13.251000	-2.135289e-09
13.252000	-3.101521e-09
13.253000	-2.779444e-09
13.254000	-3.423598e-09
13.255000	-1.813212e-09
13.256000	-1.169058e-09
13.257000	-8.469809e-10
13.258000	-2.779444e-09
13.259000	-2.135289e-09
13.260000	-2.457366e-09
13.261000	-2.779444e-09
13.262000	-3.101521e-09
13.263000	-2.135289e-09
13.264000	-1.491135e-09
13.265000	-4.711906e-09
13.266000	-4.711906e-09
13.267000	-5.35606e-09
13.268000	-6.000215e-09
13.269000	-5.35606e-09
13.270000	-2.457366e-09
13.271000	-2.779444e-09
13.272000	-3.423598e-09
13.273000	-5.033983e-09
13.274000	-4.389829e-09
13.275000	-2.028267e-10
13.276000	7.634046e-10
13.277000	-3.101521e-09
13.278000	-4.067752e-09
13.279000	-4.711906e-09
13.280000	-3.745675e-09
13.281000	-3.745675e-09
13.282000	-1.813212e-09
13.283000	-3.101521e-09
13.284000	-4.067752e-09
13.285000	-5.033983e-09
13.286000	-5.678137e-09
13.287000	-3.423598e-09
13.288000	-3.745675e-09
13.289000	-5.678137e-09
13.290000	-1.491135e-09
13.291000	1.085482e-09
13.292000	-3.101521e-09
13.293000	-1.491135e-09
13.294000	2.051713e-09
13.295000	5.594561e-09
13.296000	4.023936e-07
13.297000	3.20908e-07
13.298000	2.645446e-07
13.299000	2.339472e-07
13.300000	1.985187e-07
13.301000	1.540721e-07
13.302000	1.469864e-07
13.303000	1.456981e-07
13.304000	1.395786e-07
13.305000	1.183215e-07
13.306000	1.093034e-07
13.307000	9.416576e-08
13.308000	9.062292e-08
13.309000	8.192683e-08
13.310000	8.450345e-08
13.311000	1.067268e-07
13.312000	1.183215e-07
13.313000	1.270176e-07
13.314000	1.347475e-07
13.315000	1.408669e-07
13.316000	1.324929e-07
13.317000	1.270176e-07
13.318000	1.221865e-07
13.319000	1.337812e-07
13.320000	1.231527e-07
13.321000	1.067268e-07
13.322000	1.006073e-07
13.323000	9.158915e-08
13.324000	8.128268e-08
13.325000	7.67736e-08
13.326000	7.548529e-08
13.327000	7.387491e-08
13.328000	6.872167e-08
13.329000	6.292429e-08
13.330000	5.777105e-08
13.331000	5.132951e-08
13.332000	4.682043e-08
13.333000	5.00412e-08
13.334000	3.200488e-08
13.335000	2.137634e-08
13.336000	1.010364e-08
13.337000	2.74958e-08
13.338000	1.847765e-08
13.339000	1.686726e-08
13.340000	1.557895e-08
13.341000	1.235818e-08
13.342000	1.106987e-08
13.343000	7.204947e-09
13.344000	6.88287e-09
13.345000	9.459486e-09
13.346000	1.268026e-08
13.347000	1.300233e-08
13.348000	1.268026e-08
13.349000	1.525687e-08
13.350000	1.91218e-08
13.351000	6.453467e-08
13.352000	3.03945e-08
13.353000	2.298672e-08
13.354000	1.847765e-08
13.355000	1.139195e-08
13.356000	1.300233e-08
13.357000	1.171403e-08
13.358000	9.781563e-09
13.359000	9.459486e-09
13.360000	1.010364e-08
13.361000	1.106987e-08
13.362000	4.306253e-09
13.363000	5.916638e-09
13.364000	7.849101e-09
13.365000	1.235818e-08
13.366000	1.074779e-08
13.367000	1.106987e-08
13.368000	1.042572e-08
13.369000	1.139195e-08
13.370000	7.849101e-09
13.371000	5.272484e-09
13.372000	4.950407e-09
13.373000	9.459486e-09
13.374000	5.272484e-09
13.375000	1.085482e-09
13.376000	-3.101521e-09
13.377000	-4.067752e-09
13.378000	-5.678137e-09
13.379000	-4.711906e-09
13.380000	-4.711906e-09
13.381000	-3.423598e-09
13.382000	-4.067752e-09
13.383000	-9.86514e-09
13.384000	-6.966446e-09
13.385000	-2.457366e-09
13.386000	-3.101521e-09
13.387000	-3.745675e-09
13.388000	-2.779444e-09
13.389000	-2.457366e-09
13.390000	-2.779444e-09
13.391000	-5.033983e-09
13.392000	-3.101521e-09
13.393000	-2.028267e-10
13.394000	-3.101521e-09
13.395000	-5.35606e-09
13.396000	-5.678137e-09
13.397000	-3.423598e-09
13.398000	-5.678137e-09
13.399000	-5.35606e-09
13.400000	-4.389829e-09
13.401000	-3.101521e-09
13.402000	-3.101521e-09
13.403000	-6.644369e-09
13.404000	-4.067752e-09
13.405000	1.192504e-10
13.406000	-2.135289e-09
13.407000	-3.745675e-09
13.408000	-2.779444e-09
13.409000	-8.469809e-10
13.410000	-2.135289e-09
13.411000	-6.000215e-09
13.412000	-4.711906e-09
13.413000	1.085482e-09
13.414000	-2.135289e-09
13.415000	-4.389829e-09
13.416000	-3.101521e-09
13.417000	-1.813212e-09
13.418000	-3.745675e-09
13.419000	-2.457366e-09
13.420000	-2.779444e-09
13.421000	-2.135289e-09
13.422000	-5.35606e-09
13.423000	-4.389829e-09
13.424000	-2.457366e-09
13.425000	-2.028267e-10
13.426000	-2.779444e-09
13.427000	-2.457366e-09
13.428000	-2.457366e-09
13.429000	-1.491135e-09
13.430000	-2.779444e-09
13.431000	-3.101521e-09
13.432000	-2.028267e-10
13.433000	4.413275e-10
13.434000	-5.033983e-09
13.435000	-3.745675e-09
13.436000	-2.135289e-09
13.437000	-4.067752e-09
13.438000	-3.745675e-09
13.439000	-5.249038e-10
13.440000	-2.135289e-09
13.441000	-2.457366e-09
13.442000	-4.389829e-09
13.443000	-5.249038e-10
13.444000	3.340021e-09
13.445000	1.192504e-10
13.446000	-3.423598e-09
13.447000	-2.457366e-09
13.448000	-8.254754e-09
13.449000	-5.678137e-09
13.450000	-1.169058e-09
13.451000	-1.813212e-09
13.452000	4.413275e-10
13.453000	-2.457366e-09
13.454000	-4.067752e-09
13.455000	-6.644369e-09
13.456000	-4.067752e-09
13.457000	-6.966446e-09
13.458000	-3.423598e-09
13.459000	-3.745675e-09
13.460000	-4.067752e-09
13.461000	-2.779444e-09
13.462000	-4.711906e-09
13.463000	-6.000215e-09
13.464000	-4.711906e-09
13.465000	-1.813212e-09
13.466000	-1.813212e-09
13.467000	-2.135289e-09
13.468000	-6.322292e-09
13.469000	-4.711906e-09
13.470000	-1.813212e-09
13.471000	-4.389829e-09
13.472000	-5.033983e-09
13.473000	-2.779444e-09
13.474000	-4.389829e-09
13.475000	-6.644369e-09
13.476000	-4.067752e-09
13.477000	-2.135289e-09
13.478000	-1.169058e-09
13.479000	-3.423598e-09
13.480000	-4.389829e-09
13.481000	-1.169058e-09
13.482000	-3.423598e-09
13.483000	-4.389829e-09
13.484000	-1.169058e-09
13.485000	-2.028267e-10
13.486000	-3.745675e-09
13.487000	-1.813212e-09
13.488000	-3.101521e-09
13.489000	-4.067752e-09
13.490000	-3.101521e-09
13.491000	-5.35606e-09
13.492000	-1.491135e-09
13.493000	-3.423598e-09
13.494000	-6.322292e-09
13.495000	-4.067752e-09
13.496000	-2.457366e-09
13.497000	-3.745675e-09
13.498000	-5.249038e-10
13.499000	-5.249038e-10
13.500000	-3.745675e-09
13.501000	-2.457366e-09
13.502000	-5.35606e-09
13.503000	-4.067752e-09
13.504000	-1.813212e-09
13.505000	-1.491135e-09
13.506000	-1.813212e-09
13.507000	-2.457366e-09
13.508000	-6.000215e-09
13.509000	-3.745675e-09
13.510000	-8.469809e-10
13.511000	-4.711906e-09
13.512000	-3.745675e-09
13.513000	-5.249038e-10
13.514000	-1.813212e-09
13.515000	-5.033983e-09
13.516000	-5.35606e-09
13.517000	-5.678137e-09
13.518000	-5.033983e-09
13.519000	-4.711906e-09
13.520000	-6.966446e-09
13.521000	-4.389829e-09
13.522000	-3.745675e-09
13.523000	-6.000215e-09
13.524000	-4.711906e-09
13.525000	-2.028267e-10
13.526000	-2.457366e-09
13.527000	-3.101521e-09
13.528000	-5.033983e-09
13.529000	-3.101521e-09
13.530000	-4.067752e-09
13.531000	-3.745675e-09
13.532000	-3.101521e-09
13.533000	-2.028267e-10
13.534000	-2.779444e-09
13.535000	-5.033983e-09
13.536000	-2.779444e-09
13.537000	-3.423598e-09
13.538000	-5.678137e-09
13.539000	-4.711906e-09
13.540000	-4.711906e-09
13.541000	-1.813212e-09
13.542000	-4.067752e-09
13.543000	-7.6106e-09
13.544000	-3.101521e-09
13.545000	-2.135289e-09
13.546000	-3.745675e-09
13.547000	-3.423598e-09
13.548000	-5.249038e-10
13.549000	-3.423598e-09
13.550000	-4.067752e-09
13.551000	-3.745675e-09
13.552000	-2.135289e-09
13.553000	-5.249038e-10
13.554000	-4.389829e-09
13.555000	-3.423598e-09
13.556000	-4.067752e-09
13.557000	-5.35606e-09
13.558000	-3.101521e-09
13.559000	-4.067752e-09
13.560000	-4.389829e-09
13.561000	-3.423598e-09
13.562000	-3.423598e-09
13.563000	-6.644369e-09
13.564000	-6.000215e-09
13.565000	-3.101521e-09
13.566000	-3.101521e-09
13.567000	-2.135289e-09
13.568000	-2.779444e-09
13.569000	-1.169058e-09
13.570000	-7.288523e-09
13.571000	-2.457366e-09
13.572000	-1.813212e-09
13.573000	1.085482e-09
13.574000	-4.067752e-09
13.575000	-5.033983e-09
13.576000	-3.745675e-09
13.577000	-6.000215e-09
13.578000	-6.000215e-09
13.579000	-2.779444e-09
13.580000	-3.101521e-09
13.581000	-4.711906e-09
13.582000	-4.389829e-09
13.583000	-5.033983e-09
13.584000	-8.469809e-10
13.585000	-8.469809e-10
13.586000	-3.101521e-09
13.587000	-3.101521e-09
13.588000	-6.966446e-09
13.589000	-4.711906e-09
13.590000	-3.423598e-09
13.591000	-2.779444e-09
13.592000	-4.389829e-09
13.593000	-1.169058e-09
13.594000	-3.745675e-09
13.595000	-8.898909e-09
13.596000	-5.033983e-09
13.597000	-5.35606e-09
13.598000	-3.423598e-09
13.599000	-3.101521e-09
13.600000	-4.067752e-09
13.601000	-2.779444e-09
13.602000	-3.423598e-09
13.603000	-5.678137e-09
13.604000	-2.457366e-09
13.605000	1.192504e-10
13.606000	-3.101521e-09
13.607000	-3.423598e-09
13.608000	-5.033983e-09
13.609000	-6.322292e-09
13.610000	-5.249038e-10
13.611000	-5.033983e-09
13.612000	-4.389829e-09
13.613000	-2.779444e-09
13.614000	-5.033983e-09
13.615000	-4.389829e-09
13.616000	-4.067752e-09
13.617000	-5.249038e-10
13.618000	-6.966446e-09
13.619000	-3.745675e-09
13.620000	-3.101521e-09
13.621000	-8.469809e-10
13.622000	-4.711906e-09
13.623000	-3.745675e-09
13.624000	-1.813212e-09
13.625000	1.085482e-09
13.626000	-1.491135e-09
13.627000	-5.033983e-09
13.628000	-7.932677e-09
13.629000	-3.101521e-09
13.630000	-2.457366e-09
13.631000	-4.067752e-09
13.632000	-4.067752e-09
13.633000	-2.779444e-09
13.634000	-5.678137e-09
13.635000	-3.745675e-09
13.636000	-4.067752e-09
13.637000	-5.249038e-10
13.638000	-2.028267e-10
13.639000	-1.813212e-09
13.640000	-4.711906e-09
13.641000	-2.457366e-09
13.642000	-4.389829e-09
13.643000	-4.711906e-09
13.644000	-5.35606e-09
13.645000	-1.491135e-09
