***End_of_Header***
Time	Voltage
67.804000	-1.813212e-09
67.805000	-3.745675e-09
67.806000	-4.067752e-09
67.807000	-3.423598e-09
67.808000	-1.169058e-09
67.809000	-5.249038e-10
67.810000	-2.028267e-10
67.811000	-3.101521e-09
67.812000	1.192504e-10
67.813000	-1.491135e-09
67.814000	-1.491135e-09
67.815000	-1.813212e-09
67.816000	-3.101521e-09
67.817000	-5.249038e-10
67.818000	-2.028267e-10
67.819000	-1.813212e-09
67.820000	-1.813212e-09
67.821000	-3.101521e-09
67.822000	-3.101521e-09
67.823000	-4.389829e-09
67.824000	-3.101521e-09
67.825000	-3.745675e-09
67.826000	-3.745675e-09
67.827000	-2.457366e-09
67.828000	-1.491135e-09
67.829000	-5.249038e-10
67.830000	-3.745675e-09
67.831000	-1.169058e-09
67.832000	-5.033983e-09
67.833000	-3.101521e-09
67.834000	-1.169058e-09
67.835000	-5.249038e-10
67.836000	-2.457366e-09
67.837000	-8.254754e-09
67.838000	-4.711906e-09
67.839000	-5.678137e-09
67.840000	-3.101521e-09
67.841000	-2.135289e-09
67.842000	-3.101521e-09
67.843000	-3.745675e-09
67.844000	-7.6106e-09
67.845000	-4.389829e-09
67.846000	-3.101521e-09
67.847000	-3.745675e-09
67.848000	-6.322292e-09
67.849000	-5.033983e-09
67.850000	-2.779444e-09
67.851000	-3.745675e-09
67.852000	-1.491135e-09
67.853000	-1.813212e-09
67.854000	1.009294e-07
67.855000	8.09606e-08
67.856000	5.873728e-08
67.857000	4.456589e-08
67.858000	4.392174e-08
67.859000	4.456589e-08
67.860000	4.231135e-08
67.861000	4.070097e-08
67.862000	3.651396e-08
67.863000	2.942827e-08
67.864000	2.33088e-08
67.865000	1.139195e-08
67.866000	9.781563e-09
67.867000	4.950407e-09
67.868000	7.204947e-09
67.869000	1.268026e-08
67.870000	1.139195e-08
67.871000	1.300233e-08
67.872000	1.106987e-08
67.873000	1.300233e-08
67.874000	1.010364e-08
67.875000	8.493255e-09
67.876000	5.916638e-09
67.877000	4.950407e-09
67.878000	5.594561e-09
67.879000	4.306253e-09
67.880000	5.594561e-09
67.881000	4.950407e-09
67.882000	5.916638e-09
67.883000	2.37379e-09
67.884000	6.238715e-09
67.885000	4.62833e-09
67.886000	3.017944e-09
67.887000	1.729636e-09
67.888000	-2.135289e-09
67.889000	4.413275e-10
67.890000	1.407559e-09
67.891000	2.37379e-09
67.892000	3.017944e-09
67.893000	3.662099e-09
67.894000	3.340021e-09
67.895000	3.984176e-09
67.896000	3.662099e-09
67.897000	7.634046e-10
67.898000	-2.028267e-10
67.899000	4.413275e-10
67.900000	1.729636e-09
67.901000	1.407559e-09
67.902000	1.407559e-09
67.903000	7.634046e-10
67.904000	4.413275e-10
67.905000	4.413275e-10
67.906000	4.413275e-10
67.907000	1.192504e-10
67.908000	-2.779444e-09
67.909000	-1.491135e-09
67.910000	-2.457366e-09
67.911000	4.413275e-10
67.912000	-8.469809e-10
67.913000	-2.028267e-10
67.914000	7.634046e-10
67.915000	1.085482e-09
67.916000	1.729636e-09
67.917000	-2.028267e-10
67.918000	-1.169058e-09
67.919000	-5.249038e-10
67.920000	4.413275e-10
67.921000	1.729636e-09
67.922000	4.413275e-10
67.923000	4.413275e-10
67.924000	7.634046e-10
67.925000	1.729636e-09
67.926000	2.695867e-09
67.927000	2.051713e-09
67.928000	4.413275e-10
67.929000	4.413275e-10
67.930000	1.085482e-09
67.931000	2.37379e-09
67.932000	2.695867e-09
67.933000	3.662099e-09
67.934000	5.594561e-09
67.935000	7.204947e-09
67.936000	4.62833e-09
67.937000	5.916638e-09
67.938000	5.916638e-09
67.939000	4.62833e-09
67.940000	7.204947e-09
67.941000	8.493255e-09
67.942000	7.527024e-09
67.943000	6.560792e-09
67.944000	8.815332e-09
67.945000	8.171178e-09
67.946000	9.781563e-09
67.947000	9.137409e-09
67.948000	9.781563e-09
67.949000	7.527024e-09
67.950000	1.074779e-08
67.951000	1.20361e-08
67.952000	1.364649e-08
67.953000	1.429064e-08
67.954000	1.622311e-08
67.955000	1.654518e-08
67.956000	1.622311e-08
67.957000	1.751141e-08
67.958000	1.718934e-08
67.959000	1.622311e-08
67.960000	1.944388e-08
67.961000	1.879972e-08
67.962000	1.718934e-08
67.963000	1.815557e-08
67.964000	2.202049e-08
67.965000	2.395296e-08
67.966000	2.846204e-08
67.967000	2.975034e-08
67.968000	3.361527e-08
67.969000	3.651396e-08
67.970000	1.875681e-07
67.971000	1.473085e-07
67.972000	6.807752e-08
67.973000	4.070097e-08
67.974000	2.813996e-08
67.975000	2.652957e-08
67.976000	2.202049e-08
67.977000	2.298672e-08
67.978000	1.751141e-08
67.979000	1.91218e-08
67.980000	2.266465e-08
67.981000	2.073218e-08
67.982000	1.976595e-08
67.983000	1.783349e-08
67.984000	1.783349e-08
67.985000	1.815557e-08
67.986000	1.879972e-08
67.987000	2.169842e-08
67.988000	1.91218e-08
67.989000	7.323075e-08
67.990000	5.680482e-08
67.991000	2.846204e-08
67.992000	1.686726e-08
67.993000	1.235818e-08
67.994000	1.396857e-08
67.995000	1.461272e-08
67.996000	1.590103e-08
67.997000	1.461272e-08
67.998000	1.106987e-08
67.999000	9.137409e-09
68.000000	8.171178e-09
68.001000	8.815332e-09
68.002000	8.171178e-09
68.003000	1.300233e-08
68.004000	8.815332e-09
68.005000	6.560792e-09
68.006000	7.849101e-09
68.007000	5.594561e-09
68.008000	1.192504e-10
68.009000	-8.469809e-10
68.010000	-1.491135e-09
68.011000	-1.813212e-09
68.012000	-3.101521e-09
68.013000	-5.249038e-10
68.014000	-2.779444e-09
68.015000	1.085482e-09
68.016000	1.407559e-09
68.017000	1.085482e-09
68.018000	1.729636e-09
68.019000	1.407559e-09
68.020000	-2.135289e-09
68.021000	1.085482e-09
68.022000	1.407559e-09
68.023000	1.407559e-09
68.024000	1.192504e-10
68.025000	-5.249038e-10
68.026000	-2.028267e-10
68.027000	7.634046e-10
68.028000	2.695867e-09
68.029000	3.662099e-09
68.030000	3.662099e-09
68.031000	2.051713e-09
68.032000	1.407559e-09
68.033000	1.407559e-09
68.034000	2.051713e-09
68.035000	1.407559e-09
68.036000	4.413275e-10
68.037000	2.051713e-09
68.038000	1.407559e-09
68.039000	-2.135289e-09
68.040000	-1.813212e-09
68.041000	-2.779444e-09
68.042000	-3.423598e-09
68.043000	-5.033983e-09
68.044000	-4.067752e-09
68.045000	-4.711906e-09
68.046000	-3.423598e-09
68.047000	-8.469809e-10
68.048000	-3.101521e-09
68.049000	-6.322292e-09
68.050000	-4.711906e-09
68.051000	-3.745675e-09
68.052000	-4.067752e-09
68.053000	-2.457366e-09
68.054000	-4.711906e-09
68.055000	-8.469809e-10
68.056000	-1.491135e-09
68.057000	-1.813212e-09
68.058000	-3.423598e-09
68.059000	-6.000215e-09
68.060000	-3.745675e-09
68.061000	-4.389829e-09
68.062000	-4.389829e-09
68.063000	-6.000215e-09
68.064000	-5.678137e-09
68.065000	-4.711906e-09
68.066000	-4.389829e-09
68.067000	-3.101521e-09
68.068000	-4.067752e-09
68.069000	-4.389829e-09
68.070000	-4.389829e-09
68.071000	-5.35606e-09
68.072000	-5.033983e-09
68.073000	-3.423598e-09
68.074000	-2.457366e-09
68.075000	-5.249038e-10
68.076000	-5.249038e-10
68.077000	-1.491135e-09
68.078000	1.192504e-10
68.079000	-1.169058e-09
68.080000	-8.469809e-10
68.081000	-1.813212e-09
68.082000	-3.423598e-09
68.083000	-2.779444e-09
68.084000	-3.745675e-09
68.085000	-3.423598e-09
68.086000	-4.067752e-09
68.087000	-1.491135e-09
68.088000	-2.135289e-09
68.089000	-1.491135e-09
68.090000	-8.469809e-10
68.091000	-2.135289e-09
68.092000	-3.423598e-09
68.093000	-2.135289e-09
68.094000	-2.457366e-09
68.095000	-1.491135e-09
68.096000	-2.028267e-10
68.097000	-5.249038e-10
68.098000	1.192504e-10
68.099000	-3.423598e-09
68.100000	-3.423598e-09
68.101000	-6.000215e-09
68.102000	-4.389829e-09
68.103000	-7.288523e-09
68.104000	-5.033983e-09
68.105000	-5.678137e-09
68.106000	-3.423598e-09
68.107000	-1.813212e-09
68.108000	-4.389829e-09
68.109000	-5.033983e-09
68.110000	-4.389829e-09
68.111000	-5.678137e-09
68.112000	-6.000215e-09
68.113000	-4.389829e-09
68.114000	-2.779444e-09
68.115000	-1.169058e-09
68.116000	-5.249038e-10
68.117000	-2.135289e-09
68.118000	-1.169058e-09
68.119000	-4.067752e-09
68.120000	-2.457366e-09
68.121000	-4.067752e-09
68.122000	-4.067752e-09
68.123000	-7.288523e-09
68.124000	-5.35606e-09
68.125000	-4.389829e-09
68.126000	-3.423598e-09
68.127000	-2.135289e-09
68.128000	-3.101521e-09
68.129000	-6.000215e-09
68.130000	-4.711906e-09
68.131000	-5.35606e-09
68.132000	-6.000215e-09
68.133000	-4.711906e-09
68.134000	-4.067752e-09
68.135000	-1.813212e-09
68.136000	-1.813212e-09
68.137000	-1.491135e-09
68.138000	-5.678137e-09
68.139000	-2.135289e-09
68.140000	-3.101521e-09
68.141000	-3.745675e-09
68.142000	-4.067752e-09
68.143000	-5.678137e-09
68.144000	-4.711906e-09
68.145000	-5.033983e-09
68.146000	-2.457366e-09
68.147000	-2.135289e-09
68.148000	-2.135289e-09
68.149000	-2.028267e-10
68.150000	-5.249038e-10
68.151000	-1.169058e-09
68.152000	-1.169058e-09
68.153000	-1.491135e-09
68.154000	-5.249038e-10
68.155000	-8.469809e-10
68.156000	-3.423598e-09
68.157000	-2.457366e-09
68.158000	-5.249038e-10
68.159000	-2.028267e-10
68.160000	-5.249038e-10
68.161000	-5.249038e-10
68.162000	-2.028267e-10
68.163000	-2.028267e-10
68.164000	-1.813212e-09
68.165000	-5.678137e-09
68.166000	-5.35606e-09
68.167000	-4.067752e-09
68.168000	-1.813212e-09
68.169000	-1.169058e-09
68.170000	-2.135289e-09
68.171000	-2.779444e-09
68.172000	-3.101521e-09
68.173000	-3.423598e-09
68.174000	-3.101521e-09
68.175000	-2.457366e-09
68.176000	-1.491135e-09
68.177000	-1.169058e-09
68.178000	-2.028267e-10
68.179000	-3.423598e-09
68.180000	-4.389829e-09
68.181000	-5.678137e-09
68.182000	-4.389829e-09
68.183000	-6.644369e-09
68.184000	-6.000215e-09
68.185000	-5.35606e-09
68.186000	-3.101521e-09
68.187000	-1.813212e-09
68.188000	-4.711906e-09
68.189000	-9.86514e-09
68.190000	-4.711906e-09
68.191000	-4.711906e-09
68.192000	-5.033983e-09
68.193000	-3.423598e-09
68.194000	-2.779444e-09
68.195000	-2.457366e-09
68.196000	-1.491135e-09
68.197000	-2.135289e-09
68.198000	-3.423598e-09
68.199000	-9.86514e-09
68.200000	-4.711906e-09
68.201000	-5.35606e-09
68.202000	-4.711906e-09
68.203000	-7.6106e-09
